1 496 -242 0.02 3382 -2.4 5693 1 0.0 5.6 -0.23 893 365 -135 0.0 5.32 -0.51 1813 431 -150 0.31 0
1 335 -446 -0.32 2278 -3.03 6412 1 0.01 5.31 -0.99 1108 83 -281 0.0 5.65 -0.65 1969 214 -338 0.0 0
1 284 -379 -0.14 1854 -3.1 6702 1 0.01 5.62 -0.68 1393 70 -239 0.01 5.53 -0.77 2193 86 -197 0.31 0
1 241 -322 -0.24 1562 2.81 6974 1 0.01 5.69 -0.93 1390 163 60 0.01 5.22 -1.4 2373 -31 -184 -0.31 143
1 360 -297 0.74 703 -1.05 8351 1 0.02 0.03 2.02 1012 214 76 0.02 5.08 0.79 1071 93 28 0.31 22
1 226 -354 2.14 8294 1.67 6302 1 0.02 0.35 -0.61 940 97 -39 0.02 4.85 -2.39 1580 -20 67 0.31 0
1 192 -300 1.79 8540 1.33 6675 0 0.03 0.66 -0.61 1043 83 -33 0.04 4.54 -3.02 1344 10 208 0.31 0
1 231 -443 1.41 8967 0.97 7292 0 0.02 0.99 -0.59 1342 218 -243 0.03 4.14 2.55 826 192 -186 0.31 0
1 196 -376 1.06 9266 0.63 7732 0 0.02 1.31 -0.59 1697 141 -371 0.03 3.82 1.92 1078 163 -158 0.0 0
1 166 -319 1.02 9534 0.6 8111 0 0.02 1.48 -0.42 2141 107 -462 0.03 3.67 1.76 1318 285 -49 0.16 149
1 81 -158 0.85 9669 0.43 8300 0 0.03 1.17 -0.89 2431 14 -321 0.04 3.35 1.29 1540 348 107 0.16 149
0 114 -540 0.19 3392 -1.35 7925 1 0.0 5.6 0.68 1676 -17 -433 0.0 5.32 0.4 804 49 -448 0.31 37
0 113 -456 -0.09 2847 -1.73 7841 1 0.0 5.6 0.37 1431 -47 -107 0.0 5.34 0.1 966 77 -407 -0.16 0
0 425 -44 -0.1 767 2.47 7879 1 0.02 0.03 -0.61 943 279 329 0.02 5.08 -1.85 1960 158 281 0.16 15
0 433 -24 -1.25 8687 -1.67 6305 1 0.02 0.35 2.18 1221 304 291 0.02 4.85 0.4 1002 187 397 -0.16 0
0 368 -20 -1.1 9118 -1.5 6719 0 0.03 0.66 2.65 1602 259 247 0.04 4.54 0.24 911 186 488 -0.31 0
0 312 -17 -0.79 9484 -1.17 7073 0 0.02 0.98 -3.0 2080 405 387 0.03 4.24 0.26 1140 49 389 -0.16 0
0 265 -14 -0.64 9795 -1.0 7374 0 0.02 0.99 -2.83 2445 252 186 0.03 4.14 0.31 1543 226 243 -0.31 0
0 225 -11 -0.32 10059 -0.68 7630 0 0.02 1.31 -2.2 2619 170 -6 0.03 3.82 0.31 1871 192 207 -0.31 150
0 63 -16 -0.01 10133 -0.36 7707 0 0.02 1.48 -1.71 2546 4 -159 0.03 3.67 0.47 2228 182 254 0.31 149
0 -65 -59 -0.33 10054 -0.69 7656 0 0.03 1.17 -2.34 2307 -132 -222 0.04 3.35 -0.16 2567 202 206 0.16 199
1 -337 -150 -0.21 9413 -0.6 7178 0 0.04 1.64 -1.71 1438 -381 -338 0.04 2.72 -0.63 2906 155 -42 -0.31 99
1 -554 42 0.4 7771 -0.11 5758 0 0.04 2.53 -0.19 1422 -338 -360 0.06 2.72 0.0 3175 129 -101 0.16 150
1 -741 81 0.13 5407 -0.68 3703 0 0.05 3.32 0.28 2428 -219 -189 0.09 2.51 -0.52 3060 -128 -115 0.31 100
1 -713 51 -0.17 4571 -1.17 3116 0 0.06 3.63 0.28 2604 -144 -111 0.09 2.23 -1.12 2804 -192 -115 -0.16 50
1 -648 41 0.01 3811 -1.24 2708 0 0.06 3.94 0.75 2594 -47 26 0.1 1.92 -1.27 2557 -163 -214 -0.16 149
1 -677 48 0.2 3021 -1.38 2462 0 0.07 4.0 0.96 2439 -55 163 0.1 1.61 -1.43 2214 -265 -168 0.0 0
1 -575 40 0.25 2355 -1.65 2446 0 0.08 4.08 1.05 2147 38 255 0.12 1.33 -1.71 1878 -265 -308 -0.31 0
1 -488 34 0.64 1797 -1.56 2578 0 0.08 4.35 1.62 1829 55 275 0.12 1.01 -1.71 1591 -314 -406 0.31 0
1 -414 28 0.43 1335 -2.04 2780 0 0.09 4.49 1.45 1540 52 252 0.12 0.7 -2.34 1475 -396 -456 -0.16 0
1 -298 19 1.17 689 -1.94 3225 0 0.09 4.9 2.18 1240 424 -349 0.13 0.07 -2.65 2041 -501 -391 -0.31 0
1 -253 16 -1.69 3430 -0.54 4801 0 0.09 4.99 2.58 1351 315 -134 0.13 6.11 -2.58 2527 -568 -306 -0.31 0
0 -248 174 0.39 9167 -0.04 7775 0 0.04 1.95 -0.58 2541 -232 -120 0.05 2.57 0.03 2527 312 173 0.31 199
0 -373 197 0.09 8689 -0.37 7285 0 0.04 2.27 -0.58 2647 -251 -183 0.06 2.62 -0.23 2812 249 111 0.16 199
0 -485 191 -0.05 8085 -0.55 6700 0 0.04 2.53 -0.47 2829 -269 -211 0.06 2.72 -0.28 3044 198 48 -0.16 199
0 -574 212 0.12 7375 -0.44 6025 0 0.04 2.78 -0.07 3011 -269 -177 0.07 2.76 -0.09 3237 164 28 0.16 199
0 -656 204 -0.02 6574 -0.66 5301 0 0.05 3.0 0.0 3192 -236 -148 0.08 2.44 -0.56 3285 41 -10 -0.16 50
0 -598 185 0.16 5845 -0.57 4665 0 0.05 3.32 0.47 3297 -76 -85 0.09 2.51 -0.33 3302 15 -11 0.0 199
0 -670 206 0.18 5032 -0.69 3997 0 0.06 3.63 0.79 3259 -101 44 0.09 2.23 -0.61 3126 -149 40 0.16 0
0 -569 175 0.05 4344 -0.97 3482 0 0.06 3.94 0.94 3067 32 160 0.1 1.92 -1.08 3028 -84 -80 -0.31 0
0 -483 148 0.4 3765 -0.8 3104 0 0.07 4.0 1.31 2741 139 263 0.1 1.61 -1.08 2947 -71 -68 -0.31 0
0 -410 125 0.75 3277 -0.63 2841 0 0.08 4.08 1.71 2332 203 340 0.12 1.33 -1.05 2856 -100 -223 0.16 0
0 -398 225 1.07 2422 -0.81 2439 0 0.09 4.49 2.27 1432 68 449 0.12 0.7 -1.52 2446 -380 -259 0.0 0
0 -245 86 1.62 1835 -0.81 2334 0 0.09 4.9 3.0 1308 477 -282 0.13 0.07 -1.83 2118 -448 -324 -0.16 0
0 -208 73 1.88 1649 -0.76 2385 0 0.09 4.99 -3.04 1675 360 -77 0.13 6.11 -1.92 2169 -523 -249 0.31 0
1 -215 13 -1.42 3614 -0.27 4717 0 0.09 5.31 -3.07 1339 173 26 0.13 5.79 -2.58 3029 -482 -260 -0.31 0
1 152 -132 -0.71 3753 0.46 4539 0 0.09 5.25 -2.34 1340 505 -249 0.14 4.85 -2.74 3819 -56 -88 -0.16 100
1 388 418 -0.36 1753 1.4 3970 0 0.1 6.16 -0.96 2139 -11 594 0.15 3.32 2.48 1445 597 566 0.31 81
1 240 244 -0.81 1276 1.21 3926 0 0.11 0.19 -0.96 2401 -148 384 0.15 3.04 1.88 1093 -311 -758 0.31 0
1 204 207 -1.28 980 0.99 3941 0 0.12 0.51 -0.96 2580 -137 319 0.15 3.35 1.88 1777 -97 -610 -0.31 0
1 173 175 -1.19 760 1.37 3977 0 0.12 0.82 -0.33 2582 -230 150 0.15 3.19 2.04 2306 87 -510 0.31 0
1 147 148 -1.8 620 1.12 4024 0 0.12 1.13 -0.33 2414 -267 -27 0.15 3.51 2.04 2681 232 -373 0.31 48
1 116 167 0.86 4044 -1.48 8030 0 0.13 1.34 -0.44 2140 -273 -147 0.16 3.61 1.83 2890 339 -197 0.31 100
1 -59 315 0.54 3782 -2.02 7869 0 0.14 1.85 -0.4 1599 -313 -160 0.16 3.84 1.59 2751 349 246 0.31 199
0 -176 62 1.67 1507 -1.17 2449 0 0.09 5.31 -3.04 1823 212 75 0.13 5.79 -2.55 2370 -443 -211 0.31 0
0 -149 52 1.47 1404 -1.55 2517 0 0.09 4.99 2.62 1877 148 175 0.13 5.48 3.11 2630 -375 -180 -0.31 151
0 -186 156 1.99 1383 -1.35 2548 0 0.1 5.24 -3.11 1786 29 325 0.13 5.17 3.11 2751 -403 10 0.0 100
0 -248 325 2.46 1747 -1.66 2664 0 0.09 5.39 -2.95 1835 -55 357 0.14 4.54 2.48 2628 -412 431 0.16 0
0 -210 276 2.46 2042 -1.96 2794 0 0.09 5.71 -2.79 1730 -189 395 0.14 4.22 2.01 2710 -349 366 -0.16 0
0 -178 234 2.71 2320 -1.91 2945 0 0.09 6.0 -2.34 1653 -311 378 0.15 3.91 1.85 2877 -296 310 -0.16 0
0 -151 198 2.93 2569 -1.84 3097 0 0.1 5.92 -2.27 1714 -422 381 0.15 3.6 1.69 2884 -101 337 -0.31 0
0 -128 168 -2.99 2786 -1.59 3242 0 0.1 6.16 -1.71 1957 -527 344 0.15 3.32 1.73 2739 81 316 -0.16 150
0 -91 269 -2.82 3117 -1.52 3363 0 0.11 0.19 -1.24 2476 -479 409 0.15 3.04 1.61 2767 -642 -733 -0.16 0
0 -77 228 -2.65 3398 -1.44 3489 0 0.12 0.51 -0.77 2988 -418 340 0.15 3.35 2.08 3320 -378 -589 -0.16 100
0 -28 270 -2.5 3717 -1.37 3587 0 0.12 0.82 -0.3 3443 -431 245 0.15 3.19 2.08 3603 -114 -415 -0.16 99
0 24 299 -2.37 4058 -1.31 3664 0 0.12 1.13 0.17 3785 -390 124 0.15 3.51 2.55 3592 109 -222 -0.31 0
0 20 254 -2.07 4350 -1.07 3755 0 0.13 1.34 0.7 3964 -369 -60 0.16 3.61 2.97 3402 243 -110 0.0 199
1 -192 360 0.32 3439 -2.39 8006 0 0.15 2.16 -0.4 1641 -407 -43 0.16 3.53 0.96 2493 154 302 0.31 150
1 -286 339 0.1 3026 -2.76 8283 0 0.15 2.48 -0.4 1704 -334 -108 0.16 3.84 0.96 2627 -871 -630 0.31 100
1 -327 284 -0.11 2606 -3.12 8635 1 0.15 2.79 -0.4 1716 -209 -154 0.15 3.96 0.77 3105 -710 -417 0.31 50
1 -317 226 -0.31 2231 2.82 8994 1 0.16 3.11 -0.4 1639 -53 -152 0.15 3.91 0.4 3521 -521 -250 0.31 50
1 -302 165 -0.51 1898 2.48 9344 1 0.16 3.21 -0.61 1450 91 -143 0.14 3.96 0.14 3788 -360 -114 0.31 0
1 -256 140 -0.7 1641 2.15 9645 1 0.17 3.39 -0.75 1221 172 -97 0.14 4.0 -0.14 3846 -195 32 0.31 100
1 -234 58 -1.11 1179 1.51 10189 1 0.17 3.12 -1.64 972 -154 173 0.15 3.89 -0.87 3574 2 223 0.16 0
1 -198 49 -1.1 1017 1.35 10424 1 0.17 2.88 -2.04 1105 -37 122 0.15 3.58 -1.34 3358 23 199 -0.16 0
1 -168 41 -0.76 908 1.5 10622 1 0.18 2.67 -2.09 1198 -13 93 0.15 3.51 -1.26 3020 175 229 0.31 0
1 -46 -36 -1.44 656 0.73 10844 1 0.18 2.13 2.86 1052 -164 299 0.17 4.45 -1.1 1930 274 213 0.31 0
1 -39 -30 -1.72 601 0.42 10890 1 0.18 2.13 2.55 1191 -50 109 0.17 4.71 -1.15 1504 232 325 0.16 0
1 -33 -25 0.26 10929 -0.1 7396 1 0.18 2.37 2.64 1133 69 -16 0.17 4.94 -1.08 1087 180 346 0.31 21
0 307 472 -2.57 5700 -1.81 3920 0 0.15 2.16 1.2 3912 92 69 0.16 3.53 2.57 1105 653 414 0.16 175
0 162 300 -2.76 6104 -2.07 4086 0 0.15 2.48 1.36 3700 114 -147 0.16 3.84 2.72 1413 -423 -669 -0.31 0
0 137 255 -2.47 6417 -1.83 4249 1 0.15 2.79 1.99 3346 255 -183 0.15 3.96 -3.12 2006 -246 -446 -0.16 0
0 116 216 -2.33 6684 -1.73 4403 1 0.16 3.11 2.46 2937 380 -162 0.15 3.91 -3.02 2316 -88 -260 0.16 0
0 98 183 -2.5 6912 -1.93 4545 1 0.16 3.21 2.41 2544 491 -125 0.14 3.96 -3.12 2386 40 -96 -0.31 0
0 83 155 -2.19 7106 -1.65 4671 1 0.17 3.39 2.9 2290 511 -82 0.14 4.0 -2.78 2253 144 47 -0.16 0
0 70 131 -2.04 7271 -1.53 4783 1 0.17 3.21 2.88 2206 533 -63 0.14 4.21 -2.41 1946 203 188 0.31 0
0 59 111 -2.36 7411 -1.86 4880 1 0.17 3.12 2.48 2405 139 226 0.15 3.89 -3.04 1514 295 276 -0.31 0
0 192 159 -2.24 7752 -1.78 5075 1 0.18 2.67 2.18 3044 347 211 0.15 3.51 3.02 880 535 347 -0.16 150
0 283 176 -2.12 8022 -1.69 5196 1 0.18 2.36 2.02 3497 414 220 0.16 3.82 -2.79 1325 706 442 0.16 0
0 240 149 -2.3 8257 -1.91 5319 1 0.18 2.18 1.69 3832 450 48 0.16 4.14 -2.64 2025 599 375 -0.31 0
0 204 126 -2.01 8462 -1.64 5437 1 0.18 2.13 1.95 4242 86 461 0.17 4.45 -2.01 2713 524 375 -0.31 0
0 173 107 -1.72 8639 -1.37 5546 1 0.18 2.13 2.27 4589 162 246 0.17 4.71 -1.43 3378 444 462 -0.31 0
0 147 90 -1.42 8792 -1.09 5645 1 0.18 2.37 2.83 4860 249 99 0.17 4.94 -0.89 3985 360 461 -0.16 0
0 124 76 -1.27 8922 -0.96 5733 1 0.18 2.16 2.78 5076 241 39 0.18 5.25 -0.42 4423 258 107 -0.31 99
1 -136 -172 -0.03 11112 -0.38 7489 0 0.18 2.27 2.22 1390 -271 230 0.18 5.34 -0.99 991 -96 -370 0.16 50
1 103 -81 -0.16 11086 -0.51 7376 0 0.17 2.2 1.99 1433 166 15 0.18 4.87 -1.62 1179 57 37 0.31 0
1 372 2 -0.75 9914 -1.13 6120 0 0.18 1.5 0.66 1053 427 -210 0.19 5.57 -1.55 1098 296 136 0.31 149
1 368 118 -1.07 9471 -1.49 5752 0 0.18 1.19 0.03 1476 509 119 0.2 5.88 -1.55 1087 43 65 -0.31 150
1 398 194 -0.78 8987 -1.25 5400 0 0.19 0.87 0.03 1978 418 76 0.2 6.2 -0.93 1045 7 160 0.0 0
1 203 -445 -1.1 8420 -1.62 4931 1 0.21 6.0 -1.43 966 303 -775 0.19 0.35 -0.8 2866 1030 276 -0.31 0
1 172 -378 -0.73 8251 -1.24 4558 1 0.21 6.11 -1.01 1564 90 -629 0.18 0.19 -0.65 3687 708 201 -0.31 0
1 146 -321 -0.37 8129 -0.86 4259 1 0.21 6.02 -0.79 2022 -80 -492 0.18 0.24 -0.28 4206 436 130 -0.31 100
0 156 -3 -0.98 8977 -0.67 5731 0 0.18 2.27 -3.09 5450 21 399 0.18 5.34 -0.02 4610 196 -201 -0.31 49
0 146 -42 -0.69 8988 -0.39 5688 0 0.18 2.32 -2.72 5717 146 174 0.18 5.18 0.14 4687 124 -100 -0.31 0
0 124 -35 -0.39 9000 -0.1 5657 0 0.17 2.2 -2.53 5911 187 61 0.18 4.87 0.14 4812 78 83 -0.31 0
0 105 -29 -0.09 9014 0.19 5634 0 0.18 1.92 -2.5 5981 214 -100 0.18 4.82 0.4 4992 50 236 -0.16 198
0 14 -177 0.06 8827 0.34 5428 0 0.18 1.73 -2.53 5862 106 -237 0.18 5.13 0.87 4957 -13 -123 0.31 100
0 0 -234 -0.27 8573 0.02 5154 0 0.18 1.82 -2.76 5693 78 -285 0.18 5.25 0.68 4821 -90 -76 -0.16 99
0 -24 -280 -0.12 8259 0.17 4823 0 0.18 1.5 -2.91 5344 31 -492 0.19 5.57 1.15 4634 -100 -146 0.16 50
0 -26 -280 -0.29 7946 0.01 4491 0 0.18 1.19 2.9 5027 115 -279 0.2 5.88 1.31 4302 -351 -333 -0.31 0
0 -22 -238 0.01 7682 0.33 4210 0 0.19 0.87 2.9 4813 -2 -356 0.2 6.2 1.94 3723 -413 -272 -0.16 0
0 -18 -202 0.15 7458 0.48 3972 0 0.19 0.56 2.74 4453 -144 -392 0.2 6.27 2.16 3056 -520 -226 0.31 51
0 101 -106 -0.34 7064 -0.0 3539 0 0.2 0.02 1.73 3401 -285 -294 0.21 6.28 1.71 1918 -375 -122 -0.16 0
0 85 -90 -0.21 7019 0.12 3450 1 0.2 0.03 1.9 3054 -243 -249 0.2 0.31 2.18 3632 1247 826 -0.16 0
0 72 -76 -0.07 6982 0.25 3377 1 0.21 6.0 1.75 2720 172 -406 0.19 0.35 2.37 4931 899 645 -0.31 0
0 61 -64 0.23 6952 0.54 3319 1 0.21 6.11 2.16 2669 -21 -315 0.18 0.19 2.53 5851 597 515 -0.31 0
0 51 -54 0.54 6929 0.83 3271 1 0.21 6.02 2.39 2476 -175 -225 0.18 0.24 2.9 6447 341 397 -0.31 0
1 207 -254 -0.02 7940 -0.5 3935 1 0.21 5.99 -0.51 2354 -140 -350 0.18 0.28 0.07 4550 290 82 -0.16 100
1 260 -211 0.18 7693 -0.3 3573 1 0.22 6.09 -0.24 2604 -199 -261 0.18 0.31 0.26 4737 169 23 -0.16 149
1 656 127 -0.24 4851 -1.68 663 1 0.23 5.43 -1.54 4593 296 65 0.2 0.4 -0.28 5104 76 -84 0.0 50
1 590 134 -0.2 4158 -2.69 792 1 0.24 5.57 -1.4 4464 156 193 0.21 0.38 -0.3 5000 -60 -108 0.16 50
1 530 145 -0.32 3529 3.05 1308 1 0.24 5.72 -1.4 4177 18 285 0.22 0.37 -0.47 4759 -180 -123 0.16 0
1 450 123 -0.43 3001 2.75 1813 1 0.25 5.83 -1.45 3774 -138 315 0.22 0.37 -0.63 4357 -311 -166 0.16 51
1 399 143 -0.54 2515 2.54 2300 1 0.25 5.79 -1.64 3272 -216 367 0.23 0.21 -0.94 3854 -408 -137 0.16 100
1 361 203 -0.67 2030 2.38 2788 1 0.26 5.78 -1.82 2731 -199 414 0.24 0.4 -0.91 3276 -480 -102 0.31 191
1 298 342 -1.06 1513 2.11 3301 1 0.27 5.79 -2.11 2002 -260 566 0.25 0.59 -1.03 2826 -416 83 0.31 97
1 656 -144 -1.78 609 1.67 4228 1 0.28 5.18 3.09 999 -65 -489 0.27 0.26 -1.83 2062 47 -358 0.31 199
1 431 -8 1.29 4646 2.04 5367 1 0.28 4.87 2.46 1035 -208 -133 0.27 0.03 -2.37 1859 -107 -190 0.0 199
0 43 -45 0.84 6909 1.12 3232 1 0.21 5.99 2.67 2148 -304 -141 0.18 0.28 -3.04 6769 126 291 -0.31 50
0 306 -309 1.75 6720 2.01 2984 1 0.22 6.0 -2.65 1635 295 -788 0.18 0.63 -1.75 6325 -15 -323 -0.31 0
0 260 -262 2.0 6649 2.18 2818 1 0.22 6.06 -2.29 2327 86 -629 0.19 0.65 -1.41 5907 -148 -376 -0.31 0
0 221 -222 2.25 6610 2.37 2725 1 0.23 5.74 -2.29 2779 -72 -446 0.19 0.45 -1.29 5363 -278 -393 -0.31 50
0 193 -146 2.53 6635 2.58 2726 1 0.23 5.43 -2.29 2955 -167 -208 0.2 0.4 -1.03 4748 -387 -357 -0.31 150
0 219 -9 2.81 6808 2.82 2892 1 0.24 5.57 -1.83 2844 -215 50 0.21 0.38 -0.73 4164 -431 -251 -0.31 149
0 274 84 3.1 7108 3.08 3193 1 0.24 5.72 -1.36 2546 -238 224 0.22 0.37 -0.44 3628 -436 -184 -0.31 199
0 382 151 -2.89 7558 -2.93 3649 1 0.25 5.83 -0.94 2133 -206 343 0.22 0.37 -0.12 3183 -379 -138 -0.16 0
0 324 128 -2.75 7943 -2.81 4041 1 0.25 5.79 -0.82 1755 -291 352 0.23 0.21 -0.12 2654 -483 -152 0.0 100
0 355 136 -2.77 8365 -2.84 4471 1 0.26 5.78 -0.84 1442 -205 347 0.24 0.4 0.07 2141 -486 -169 0.0 150
0 422 157 -2.79 8866 -2.87 4983 1 0.27 5.79 -0.82 1153 -136 381 0.25 0.59 0.26 1859 -292 -102 0.0 150
0 479 174 -2.81 9436 -2.89 5566 1 0.27 5.48 -1.13 876 5 364 0.26 0.28 -0.05 1670 -224 -74 -0.16 36
0 332 135 -2.67 9889 -2.75 6030 1 0.28 5.18 -1.27 1001 -389 -210 0.27 0.26 0.09 1508 -277 -79 0.0 0
0 282 114 -2.68 10236 -2.76 6383 1 0.28 4.87 -1.59 1415 -357 -11 0.27 0.03 -0.14 1390 -256 -68 -0.31 0
1 202 39 1.42 5182 2.12 5688 0 0.28 4.42 2.16 1145 -206 -277 0.28 5.72 -2.81 1143 -291 -65 0.16 0
1 171 33 1.25 5376 1.93 5796 0 0.28 4.14 1.73 1275 -82 -93 0.29 6.04 -2.65 860 -248 -55 0.31 154
1 307 146 0.93 5715 1.58 6041 0 0.27 3.82 1.1 1108 215 139 0.29 5.72 3.0 980 113 189 0.31 0
1 154 -92 0.44 6180 1.05 6354 0 0.28 4.0 0.8 963 322 -110 0.29 5.1 1.9 1199 12 -54 0.16 150
1 -506 -231 0.1 4302 0.94 4857 0 0.28 3.72 0.21 1645 -223 7 0.29 3.75 0.24 2228 -405 370 0.0 99
1 -509 -226 0.11 3647 1.05 4471 0 0.29 3.8 0.3 1671 -136 81 0.29 3.44 -0.07 2710 -261 334 0.16 49
1 -469 -213 -0.03 3042 1.02 4169 0 0.29 3.63 -0.03 1565 -3 128 0.3 3.28 -0.38 3061 -90 287 0.31 150
1 -484 -275 -0.35 2387 0.85 3869 1 0.3 3.94 -0.03 1630 -88 14 0.3 2.97 -1.01 3436 -150 415 0.0 150
1 -496 -328 -0.4 1691 1.02 3606 1 0.3 3.96 -0.02 1638 -44 41 0.3 2.69 -1.29 3706 -103 205 0.31 0
0 239 96 -2.37 10530 -2.46 6683 1 0.28 4.57 -1.57 1726 -282 139 0.28 6.04 -0.1 1405 -341 -27 0.31 0
0 203 81 -2.69 10780 -2.78 6937 0 0.28 4.42 -2.04 1994 -205 -235 0.28 5.72 -0.73 1506 -290 -23 -0.31 50
0 214 62 -2.38 11029 -2.47 7193 0 0.28 4.14 -2.01 2053 -39 -64 0.29 6.04 -0.1 1607 -205 -26 0.0 150
0 308 35 -2.4 11350 -2.49 7528 0 0.27 3.82 -2.32 1797 216 28 0.29 5.72 -0.42 1606 114 78 -0.16 0
0 -62 -394 -1.84 11737 -1.96 7998 0 0.27 4.12 -1.4 1367 -351 -535 0.29 4.78 -0.73 1253 -187 -294 -0.31 151
0 -166 -458 -1.04 10866 -1.24 7382 0 0.28 3.63 -0.94 2528 -1 -286 0.29 3.98 -0.59 1007 -211 136 0.0 100
0 -153 -473 -1.08 10494 -1.31 7115 0 0.28 3.72 -0.86 2725 130 -235 0.29 3.75 -0.82 1157 -52 128 -0.31 150
0 -185 -516 -0.81 10091 -1.08 6847 0 0.29 3.8 -0.45 2896 188 -209 0.29 3.44 -0.82 1146 63 44 0.31 150
0 -439 -408 -0.65 8632 -1.04 5908 1 0.3 3.96 0.02 3312 13 -39 0.3 2.69 -1.26 1207 -46 125 -0.16 0
0 -373 -346 -0.53 8142 -0.97 5601 1 0.31 3.89 0.1 3205 135 83 0.3 2.37 -1.41 1263 13 57 0.0 0
1 -376 -405 0.74 3301 -1.06 7148 1 0.32 3.77 -0.84 1332 121 6 0.3 2.6 -2.01 3658 89 -146 0.31 96
1 -193 -473 0.49 3005 -1.81 6237 1 0.34 4.26 -0.98 1109 228 -98 0.3 2.71 -2.53 2549 402 -457 0.31 99
1 -101 -459 0.36 2868 -2.2 5989 1 0.34 4.57 -0.98 1149 257 -137 0.3 2.41 3.14 1807 521 -550 0.31 99
1 -8 -425 0.22 2734 -2.6 5897 1 0.34 4.89 -0.98 1295 295 -146 0.3 2.11 2.53 1289 549 -550 0.16 199
1 157 -405 0.23 2494 -2.84 6042 1 0.34 5.2 -0.82 1401 335 -18 0.3 1.8 2.06 1402 668 -676 0.0 60
1 150 -12 0.28 2278 -2.86 6253 1 0.34 5.5 -0.52 1162 181 437 0.31 1.52 1.78 2080 573 -412 -0.31 150
1 234 -79 0.64 2006 -2.56 6528 1 0.34 5.81 0.1 1178 260 302 0.31 1.22 1.8 2845 536 -571 0.16 0
1 198 -67 0.54 1780 -2.73 6762 1 0.34 6.11 0.24 1179 96 279 0.31 0.91 1.33 3545 435 -509 0.0 0
1 364 42 0.86 1119 -2.58 7457 1 0.35 0.49 1.06 1001 198 216 0.31 0.05 0.63 4877 215 -359 -0.31 0
1 309 35 1.26 761 -2.26 7820 1 0.35 0.73 1.62 1107 59 83 0.32 6.04 0.65 5100 18 -264 0.0 0
1 222 24 -1.94 8391 -2.4 6259 1 0.36 1.2 2.41 1048 -24 -71 0.32 5.53 0.45 4916 -236 -2 -0.31 0
1 188 20 -1.62 8613 -2.07 6448 1 0.36 1.52 3.04 978 -23 -102 0.33 5.24 0.47 4578 -281 136 -0.31 146
0 -317 -294 -0.57 7737 -1.06 5378 1 0.32 3.77 -0.02 3068 180 117 0.3 2.6 -1.19 1173 148 -35 0.0 0
0 -269 -249 -0.6 7403 -1.13 5220 1 0.32 4.0 0.21 2889 215 170 0.3 2.39 -1.4 971 250 -145 0.16 0
0 -228 -211 -0.79 7128 -1.36 5111 1 0.34 4.26 0.31 2737 193 164 0.3 2.71 -1.24 870 367 -195 -0.16 50
0 -227 -204 -0.67 6862 -1.27 5022 1 0.34 4.57 0.79 2641 131 118 0.3 2.41 -1.38 1000 395 -295 -0.16 0
0 -192 -173 -0.55 6644 -1.17 4966 1 0.34 4.89 1.26 2563 111 106 0.3 2.11 -1.52 1349 365 -298 -0.31 0
0 -163 -147 -0.26 6465 -0.91 4933 1 0.34 5.2 1.88 2306 15 240 0.3 1.8 -1.52 1816 348 -418 -0.31 136
0 8 -501 -0.02 6499 -0.67 5258 1 0.34 5.5 2.5 2276 39 -52 0.31 1.52 -1.48 2642 431 -901 -0.31 0
0 6 -425 0.22 6606 -0.42 5636 1 0.34 5.81 3.12 2340 32 -44 0.31 1.22 -1.47 3601 308 -917 -0.31 150
0 -87 -273 0.48 6591 -0.15 5823 1 0.34 6.11 -2.55 2178 -189 73 0.31 0.91 -1.47 4339 150 -715 -0.31 51
0 -94 -194 0.76 6555 0.13 5942 1 0.34 0.07 -1.99 1977 -339 90 0.31 0.65 -1.41 4956 -28 -672 -0.31 51
0 -87 -123 1.04 6506 0.41 6003 1 0.35 0.38 -1.36 1864 -393 79 0.31 0.37 -1.38 5443 -189 -591 -0.31 50
0 -68 -62 1.34 6457 0.71 6021 1 0.35 0.49 -0.94 1837 -234 112 0.31 0.05 -1.38 5828 -217 -463 -0.31 198
0 16 100 1.67 6433 1.04 5932 1 0.35 0.73 -0.38 1775 -234 148 0.32 6.04 -1.36 5930 -275 -199 -0.31 198
0 131 207 2.03 6500 1.39 5819 1 0.35 0.99 0.19 1675 -128 175 0.32 5.76 -1.33 5792 -263 39 -0.16 0
0 111 175 2.23 6567 1.59 5732 1 0.36 1.2 0.56 1697 -135 80 0.32 5.53 -1.4 5519 -347 149 0.31 50
1 127 -106 -1.32 8764 -1.76 6638 1 0.36 1.83 -2.62 867 -52 -209 0.33 4.92 0.47 4219 -304 146 -0.16 100
1 -30 -284 -1.07 8838 -1.51 6929 1 0.37 2.34 -1.8 1443 37 -601 0.34 4.78 0.65 3377 -394 151 -0.31 149
1 -124 -321 -0.8 8729 -1.25 7001 1 0.37 2.37 -1.45 2311 -283 -981 0.35 4.47 0.65 3048 -420 99 -0.31 149
1 -356 -306 -0.43 8179 -0.93 6896 1 0.36 2.93 -0.42 3272 -721 -358 0.34 4.47 1.12 4318 -31 -531 -0.16 150
1 -659 0 0.14 5899 -0.54 5821 1 0.37 3.39 0.82 4976 -318 49 0.34 5.53 2.97 4524 -587 139 -0.31 150
1 -640 98 0.42 5170 -0.34 5419 1 0.37 3.3 1.05 4979 -183 165 0.34 5.85 -2.69 4342 -589 267 0.16 150
1 -650 274 0.35 3589 -0.62 4594 1 0.38 3.3 1.05 4758 -787 672 0.34 6.21 -2.32 4420 -129 104 -0.31 50
1 -567 272 0.65 2851 -0.45 4279 1 0.38 2.98 1.05 4917 -516 583 0.34 6.06 -2.16 4515 -288 166 0.16 50
1 -503 267 0.47 2183 -0.76 4063 1 0.38 2.9 0.8 5020 -295 490 0.34 5.74 -2.64 4672 -387 250 0.0 100
1 -470 300 0.46 1527 -0.92 3900 1 0.39 2.98 0.89 5019 -126 464 0.34 5.83 -2.55 4961 -524 359 -0.31 101
0 -137 335 1.76 7104 1.2 4937 1 0.37 2.37 0.94 1242 -296 -325 0.35 4.47 3.04 1446 -433 755 -0.31 0
0 -116 284 2.12 6992 1.56 4660 1 0.36 2.64 1.52 1860 -738 263 0.35 4.15 3.04 1373 267 19 0.0 50
0 -80 279 2.17 6938 1.62 4437 1 0.36 2.93 1.82 2322 -445 227 0.34 4.47 -2.93 1331 245 54 -0.31 0
0 -68 237 2.53 6905 1.99 4259 1 0.36 3.09 2.29 2553 -208 184 0.34 4.78 -2.3 1238 201 144 -0.31 0
0 -57 201 2.88 6887 2.35 4119 1 0.36 3.33 2.84 2571 -10 188 0.34 4.9 -1.87 1027 138 288 -0.31 0
0 -48 170 -3.06 6879 2.71 4008 1 0.36 3.28 3.11 2408 160 181 0.34 5.22 -1.24 894 98 278 -0.31 0
0 187 65 -2.41 7098 -2.88 4108 1 0.37 3.3 -2.53 1495 644 132 0.34 5.85 0.02 1060 238 234 -0.31 0
0 158 55 -2.09 7296 -2.54 4280 1 0.38 2.98 -2.53 995 694 88 0.34 5.99 0.47 1183 40 249 -0.31 0
0 134 46 -1.78 7463 -2.21 4428 1 0.38 3.3 -1.9 1109 -3 444 0.34 6.21 1.01 1299 655 -124 -0.31 0
0 113 39 -1.46 7605 -1.88 4554 1 0.38 2.98 -1.9 1560 164 350 0.34 6.06 1.17 1693 392 -67 -0.31 0
0 96 33 -1.15 7724 -1.55 4661 1 0.38 2.9 -1.68 1971 304 256 0.34 5.74 1.17 1936 212 16 -0.31 148
1 -417 338 0.84 900 -0.77 3773 1 0.39 2.9 1.12 4892 40 436 0.34 5.85 -2.22 5400 -616 460 -0.16 114
1 -359 372 -0.77 3674 0.25 5325 1 0.4 2.95 1.33 4633 196 424 0.34 5.86 -2.04 5840 -528 475 -0.31 197
1 -261 480 -0.63 3506 0.54 4696 1 0.41 3.05 1.75 4226 380 509 0.35 5.99 -1.61 6275 -152 817 -0.31 49
1 -198 443 -0.48 3407 0.83 4131 1 0.41 2.88 1.88 3754 502 425 0.35 6.25 -1.03 6571 -259 736 -0.31 99
1 -102 430 -0.32 3302 1.15 3611 1 0.42 2.57 1.88 3398 493 415 0.35 0.26 -0.42 6983 -281 643 -0.31 149
1 196 359 0.04 2831 1.95 2845 1 0.43 2.23 2.18 2940 626 348 0.35 0.31 0.26 7504 -71 467 -0.31 199
1 331 261 0.24 2430 2.44 2770 1 0.43 1.92 2.18 2832 703 232 0.36 0.42 0.68 7565 67 336 -0.31 0
1 346 56 0.67 1731 -2.95 3027 1 0.45 1.4 2.29 2931 615 -13 0.36 1.05 1.94 7530 148 102 -0.31 150
1 340 -71 0.98 1323 -2.58 3392 1 0.45 1.08 2.29 2801 489 -279 0.37 1.34 2.55 7330 172 -34 -0.31 57
1 291 -102 1.34 962 -2.24 3741 1 0.45 0.87 2.39 2574 308 -409 0.37 1.66 -3.11 7136 149 -71 0.0 0
1 247 -86 1.42 660 -2.22 4038 1 0.45 0.63 2.15 2284 125 -447 0.37 1.97 -2.79 6838 186 -200 0.0 0
1 209 -73 -2.2 4292 1.87 8127 1 0.46 0.38 1.9 2120 106 -379 0.37 2.22 -2.55 6413 259 -305 -0.31 0
1 177 -62 -1.88 4507 2.21 7958 1 0.46 0.12 1.95 1926 549 -622 0.37 2.5 -1.95 5882 344 -354 -0.16 0
1 150 -52 -1.71 4690 2.38 7817 1 0.46 6.16 1.87 2163 298 -506 0.37 2.65 -1.64 5255 431 -375 -0.31 0
0 -96 -195 -0.56 7557 -1.0 4632 1 0.39 2.9 -1.05 2441 361 -97 0.34 5.85 1.9 1537 -295 -73 -0.31 0
0 -81 -165 -0.26 7418 -0.73 4581 1 0.4 2.95 -0.68 2773 474 -113 0.34 5.86 2.23 1233 -250 -62 -0.31 37
0 20 2 0.03 7297 -0.45 4524 1 0.41 2.88 -0.44 4019 720 -16 0.35 6.25 2.93 1100 -41 295 -0.31 199
0 -298 18 0.22 6792 -0.32 4002 1 0.43 2.55 -0.61 4745 209 4 0.35 0.26 -2.9 1323 -454 197 0.16 99
0 -337 0 0.07 6408 -0.51 3626 1 0.43 2.23 -1.08 4846 93 -11 0.35 0.31 -3.0 1687 -604 108 0.31 150
0 -399 -59 -0.23 5935 -0.89 3212 1 0.43 1.92 -1.71 4785 -27 -88 0.36 0.42 3.07 2208 -663 16 0.0 99
0 -414 -89 -0.23 5437 -0.99 2819 1 0.44 1.61 -2.02 4621 -96 -166 0.36 0.73 -2.9 2804 -647 -34 -0.16 150
0 -472 -117 -0.07 4864 -0.99 2430 1 0.45 1.4 -2.08 4335 -203 -186 0.36 1.05 -2.43 3475 -670 -71 -0.31 50
0 -443 -100 0.25 4330 -0.88 2132 1 0.45 1.08 -2.08 3925 -294 -308 0.37 1.34 -1.82 4125 -611 -63 -0.31 199
0 -610 192 1.51 2543 -1.1 1504 1 0.46 0.38 -1.83 1593 -713 -114 0.37 2.22 0.0 6271 -560 -40 0.0 28
1 127 -44 -1.39 4845 2.71 7698 1 0.46 5.85 1.87 2346 129 -372 0.38 2.97 -1.01 4637 447 -333 -0.31 0
1 107 -37 -1.07 4976 3.03 7599 1 0.46 6.06 2.39 2385 -32 -282 0.38 3.26 -0.4 3935 547 -261 -0.31 100
1 7 -49 -0.76 5014 -2.93 7615 1 0.46 5.74 2.39 2444 -2 -503 0.39 3.46 0.1 3275 531 -190 -0.16 150
1 -121 -48 -0.63 4924 -2.77 7768 1 0.46 5.71 2.51 2480 -215 -377 0.39 3.44 0.24 2719 457 -126 0.0 150
1 -230 -47 -0.67 4731 -2.78 8039 1 0.46 5.39 2.2 2302 -417 -195 0.4 3.61 0.42 2234 413 -38 -0.31 0
1 -195 -39 -0.4 4575 -2.47 8269 1 0.46 5.08 2.2 2046 -415 -7 0.4 3.84 0.96 1727 468 67 -0.31 0
1 -165 -33 -0.11 4447 -2.16 8463 1 0.46 5.15 2.58 2535 -55 -592 0.41 3.7 1.13 1263 504 124 -0.31 0
1 -140 -28 0.17 4342 -1.85 8628 1 0.46 5.2 2.95 2895 -127 -353 0.42 3.82 1.57 1003 430 107 0.0 0
1 -261 242 0.28 3569 -1.76 9137 1 0.46 5.22 3.12 2648 -403 273 0.44 3.18 1.08 2015 184 400 0.0 150
1 -285 316 0.29 3069 -1.81 9346 1 0.46 4.9 2.81 2434 -65 -152 0.45 2.86 0.77 2553 104 447 0.0 50
1 -263 305 0.31 2598 -1.86 9554 1 0.45 5.22 3.12 2439 -159 56 0.45 2.55 0.45 3045 67 416 0.16 0
1 -223 259 0.18 2198 -2.05 9745 1 0.45 5.1 2.84 2330 -198 206 0.44 2.23 -0.02 3464 57 353 0.31 0
1 -189 220 -0.11 1861 -2.4 9917 1 0.45 5.1 2.53 2178 -230 332 0.44 1.92 -0.65 3819 49 299 -0.16 0
1 -160 187 0.08 1576 -2.26 10070 1 0.45 5.41 3.0 2105 14 112 0.44 1.61 -0.8 3930 49 85 -0.31 0
0 -35 241 2.33 2485 -1.22 1508 1 0.46 5.85 -2.18 1278 -33 -87 0.38 2.97 1.22 5942 285 -48 0.16 199
0 149 79 2.63 3044 -1.54 1345 1 0.46 5.74 -2.13 1060 140 -375 0.39 3.46 1.87 4896 673 -62 -0.31 99
0 151 148 2.92 3283 -1.36 1170 1 0.46 5.71 -1.85 1277 57 -181 0.39 3.44 2.16 4077 729 70 0.31 0
0 128 125 2.59 3487 -1.83 1046 1 0.46 5.39 -2.48 1268 -59 -23 0.4 3.61 2.02 3260 771 134 0.16 195
0 103 157 2.14 4042 -2.82 1115 1 0.46 5.15 3.09 1263 213 -402 0.41 3.7 1.64 2370 772 314 0.31 0
0 87 133 1.82 4229 2.99 1164 1 0.46 5.2 2.83 1519 100 -192 0.42 3.82 1.45 2373 657 268 0.0 0
0 73 113 1.82 4388 2.86 1227 1 0.45 5.22 2.84 1536 1 -15 0.42 3.8 1.43 2734 690 333 -0.31 0
0 56 145 2.17 5004 2.93 1753 1 0.46 4.9 2.84 984 276 -323 0.45 2.86 0.8 4414 445 276 0.31 0
0 47 123 1.86 5159 2.56 1880 1 0.45 5.22 2.84 1206 151 -126 0.45 2.55 0.17 4873 377 234 0.31 0
0 39 104 1.55 5289 2.21 1991 1 0.45 5.1 2.41 1205 64 51 0.44 2.23 -0.45 5272 319 198 0.31 0
1 -136 158 0.43 1336 -1.97 10203 1 0.45 5.38 -3.0 2035 21 142 0.44 1.31 -0.79 3841 1 -79 0.16 0
1 -115 134 0.32 1135 -2.14 10320 1 0.45 5.2 2.95 1890 59 164 0.44 0.99 -1.26 3634 -62 -165 -0.31 150
1 -143 232 0.79 855 -1.86 10463 1 0.45 5.52 -2.71 1814 -54 314 0.44 0.68 -1.26 3424 -229 -129 -0.31 0
1 -121 197 1.35 650 -1.57 10590 1 0.46 5.59 -2.32 1955 -175 375 0.45 0.37 -1.26 3165 -352 -171 -0.31 150
1 -70 290 -1.29 10658 -1.66 7055 1 0.46 5.53 -2.06 2010 -1 301 0.45 0.05 -1.26 3126 -436 -32 -0.31 99
1 -13 317 -1.01 10672 -1.39 7206 1 0.46 5.38 -1.9 2198 -37 434 0.46 6.07 -1.2 3293 -451 72 -0.31 199
1 120 376 -0.73 10545 -1.14 7260 0 0.46 5.36 -1.61 2505 30 569 0.46 0.03 -0.65 3571 -276 167 -0.31 149
1 220 365 -0.46 10318 -0.89 7234 1 0.46 5.32 -1.33 2932 85 613 0.46 0.14 -0.23 3951 590 532 -0.16 150
1 311 337 -0.35 10000 -0.81 7137 1 0.47 5.11 -1.38 3409 170 611 0.46 0.03 -0.17 4446 455 473 -0.16 150
1 501 231 -0.12 9077 -0.66 6712 1 0.47 5.22 -0.96 3799 497 310 0.46 0.45 0.56 5253 398 270 -0.31 149
1 743 -199 0.23 5322 -0.77 4540 0 0.47 5.53 -0.17 4708 603 -343 0.47 0.84 1.41 6028 537 -126 -0.16 100
0 -11 -152 1.27 5207 1.99 2042 1 0.45 5.2 2.2 1001 163 -122 0.44 0.99 -2.01 5094 42 -451 0.16 100
0 -94 -130 1.12 5020 1.91 1931 1 0.45 5.52 2.36 1032 -5 -48 0.44 0.68 -2.48 4529 -180 -491 0.31 49
0 -121 -349 0.92 4039 2.23 1249 1 0.46 5.38 2.06 1343 -145 -232 0.46 6.07 2.76 2079 -559 -594 -0.16 150
0 478 81 0.87 3682 2.53 1045 1 0.46 5.32 2.01 1143 343 329 0.46 0.14 3.11 1492 848 248 -0.31 50
0 163 -88 1.26 4142 1.73 256 1 0.47 5.22 2.53 1359 159 -9 0.46 0.45 -2.23 2497 60 -49 -0.16 50
0 103 -50 1.39 4186 1.37 270 1 0.47 5.46 2.93 1255 -13 136 0.46 0.51 -2.02 2318 -133 -98 -0.31 199
0 60 53 1.72 4346 1.89 437 1 0.47 6.06 -2.44 1308 458 37 0.47 0.63 -1.59 1858 -146 -13 0.31 0
0 51 45 1.41 4426 1.54 515 1 0.47 5.78 -3.04 1442 32 -261 0.47 0.52 -2.01 1841 -58 280 0.16 0
0 43 38 1.25 4493 1.36 582 0 0.47 5.53 2.84 1381 -97 -106 0.47 0.84 -1.85 1733 -163 111 0.0 0
1 694 -225 0.39 4463 -0.8 4167 0 0.47 5.43 -0.12 4906 464 -219 0.47 1.1 1.83 6038 442 -314 0.31 50
1 628 -208 0.07 3683 -1.29 3959 0 0.47 5.17 -0.7 5217 697 -221 0.48 1.4 1.82 5958 384 -447 -0.31 0
1 533 -176 0.37 3022 -1.15 3897 0 0.47 4.85 -0.7 5585 543 -392 0.48 1.69 2.43 6142 349 -6 -0.31 99
1 495 -223 0.71 2385 -1.0 3878 0 0.47 4.66 -0.58 5983 512 -236 0.48 1.85 2.9 6324 385 -242 0.0 0
1 420 -189 0.73 1844 -1.14 3943 0 0.47 4.35 -0.89 6431 467 -113 0.48 2.06 3.11 6603 488 -159 -0.31 0
1 357 -160 1.08 1387 -0.93 4055 0 0.47 4.12 -0.8 7055 693 -210 0.48 2.29 -2.64 6996 448 -103 -0.31 0
1 303 -136 1.45 1001 -0.71 4189 0 0.47 4.42 -0.19 7648 588 -178 0.49 2.25 -2.36 7409 486 -220 -0.31 149
1 206 -232 2.05 734 -0.48 4193 0 0.46 4.73 0.44 8151 559 -385 0.49 2.44 -1.85 7729 379 -266 -0.31 0
1 175 -197 -0.24 4222 0.55 5192 0 0.46 5.04 1.06 8597 420 -166 0.49 2.64 -1.34 8124 442 -291 -0.31 199
1 1 -252 0.01 4064 0.85 4900 0 0.46 5.36 1.69 8955 401 -389 0.49 2.39 -1.27 8231 124 -239 -0.31 150
1 -123 -241 0.28 3797 1.19 4594 0 0.45 5.25 1.9 9102 155 -255 0.49 2.15 -1.2 8227 73 -373 0.0 50
1 -146 -213 0.24 3530 1.22 4319 0 0.45 5.52 2.16 9064 -22 -116 0.5 1.83 -1.52 8289 93 58 0.31 100
1 -197 -223 -0.11 3208 0.95 4029 0 0.45 5.2 1.54 8937 41 -143 0.5 2.09 -1.57 8281 -144 48 0.0 100
1 -241 -232 -0.16 2842 1.02 3739 0 0.45 5.5 1.83 8768 -36 -132 0.5 2.36 -1.31 8142 -209 -23 0.0 100
1 -278 -239 -0.22 2440 1.11 3463 0 0.45 5.71 2.04 8601 -103 -159 0.49 2.04 -1.62 7785 -318 -113 -0.31 150
1 -360 -229 0.02 1959 1.56 3251 0 0.45 5.9 2.55 8214 -323 -116 0.5 2.29 -1.06 7422 -283 -250 -0.16 0
0 36 32 1.25 4551 1.34 638 0 0.47 5.43 2.74 1157 -194 38 0.47 1.1 -1.59 1483 -216 -57 0.0 25
0 285 -87 1.25 4592 1.37 682 0 0.47 5.17 2.48 873 354 -100 0.48 1.4 -1.29 1124 41 -326 0.16 149
0 120 -36 1.07 4662 1.02 747 0 0.47 4.85 2.01 1081 130 -252 0.48 1.69 -1.15 1051 -64 134 0.0 199
0 -60 19 1.08 4627 1.11 712 0 0.47 4.66 1.82 1033 -43 6 0.48 1.85 -0.99 892 -170 0 -0.31 114
0 -73 246 1.45 4676 1.75 804 0 0.47 4.35 1.82 834 -26 322 0.48 2.06 -0.47 928 -5 276 0.31 25
0 -10 224 1.18 4847 1.59 1039 0 0.47 4.12 1.27 1061 326 174 0.48 2.29 -0.56 1144 81 281 0.16 199
0 -176 214 1.09 4921 1.65 1254 0 0.47 4.42 1.41 1237 109 172 0.49 2.25 -0.75 1276 7 130 0.31 100
0 -233 167 0.84 4933 1.53 1462 0 0.46 4.73 1.41 1360 120 14 0.49 2.44 -0.87 1358 -60 133 0.31 150
0 -310 82 0.61 4837 1.43 1645 0 0.46 5.04 1.41 1341 -65 113 0.49 2.64 -0.99 1322 -43 -12 0.31 151
0 -352 -21 0.37 4638 1.34 1807 0 0.46 5.36 1.41 1294 48 -158 0.49 2.39 -1.55 1190 -229 -8 -0.16 100
0 -306 -13 0.37 4277 1.51 2262 0 0.45 5.52 1.41 991 -182 84 0.5 1.83 -2.27 983 -67 258 0.31 0
0 -260 -11 0.13 4202 1.28 2502 0 0.45 5.2 0.79 940 -22 69 0.5 2.09 -2.32 1166 -207 260 0.31 0
0 -221 -9 -0.12 4155 1.02 2716 0 0.45 5.5 0.77 995 -16 91 0.5 2.36 -2.37 1318 -189 200 0.31 0
0 -187 -7 -0.39 4129 0.75 2904 0 0.45 5.71 0.66 1063 -12 73 0.49 2.04 -3.0 1471 -227 119 0.16 149
0 -99 -118 -0.52 3984 0.65 2947 0 0.45 5.9 0.7 1025 -62 -5 0.5 2.29 -2.91 1318 -22 -139 0.31 0
1 -306 -194 0.09 1562 1.85 3124 0 0.45 6.2 3.0 7940 -165 -187 0.49 2.02 -1.17 6914 -481 -185 -0.31 49
1 -301 -154 0.3 1193 2.29 3092 0 0.45 6.2 -2.97 7528 -350 -134 0.5 2.23 -0.65 6489 -351 -271 0.31 0
1 -255 -130 -0.18 899 2.08 3104 0 0.45 6.16 2.97 7042 -406 84 0.5 2.29 -0.91 6278 -186 -357 0.31 50
1 -256 -125 -0.78 645 1.88 3159 0 0.46 0.07 2.84 6389 -553 45 0.5 2.27 -1.24 5900 -438 -82 0.0 99
1 -296 -136 1.99 3271 0.01 6696 0 0.46 0.38 -3.12 5629 -645 -31 0.5 2.37 -1.13 5546 -329 -218 0.31 50
1 -284 -142 1.78 3409 -0.3 6323 0 0.46 0.7 -3.12 4807 -698 -151 0.5 2.69 -1.13 5330 -346 -159 0.16 0
1 -241 -120 1.7 3552 -0.47 6006 0 0.47 1.01 -2.97 4117 -592 -127 0.5 2.43 -1.55 5190 -180 -233 0.31 100
1 -239 -179 1.48 3681 -0.8 5668 0 0.47 1.33 -2.97 3496 -578 -349 0.5 2.74 -1.55 4962 -282 -169 0.31 105
1 -212 -236 1.26 3781 -1.14 5340 0 0.47 1.64 -2.97 3124 -491 -504 0.5 2.46 -2.15 4952 -134 -320 0.31 101
1 -162 -283 1.05 3842 -1.51 5059 0 0.48 1.73 3.09 3036 -399 -510 0.5 2.36 -2.57 4970 -239 -192 0.31 149
1 -74 -351 0.84 3820 -1.9 4879 0 0.48 2.04 3.09 3417 -212 -668 0.5 2.46 -2.78 5189 -7 -379 0.31 49
1 -31 -326 0.63 3799 -2.29 4782 0 0.49 2.36 3.09 4093 -29 -715 0.5 2.18 2.91 5479 42 -373 0.31 199
1 128 -346 0.43 3629 -2.69 4903 0 0.49 2.67 3.09 5029 280 -754 0.51 2.34 2.76 6132 307 -509 0.31 0
1 366 -98 -0.26 2862 2.52 5792 0 0.5 3.54 3.02 7755 805 -327 0.51 2.37 1.85 7272 474 -129 0.31 100
0 49 35 -0.64 3784 0.57 2993 0 0.45 6.16 0.8 1029 -102 249 0.5 2.29 -3.07 894 118 -192 0.31 19
0 17 53 -0.96 3835 0.24 2980 0 0.46 0.07 0.68 1281 -280 223 0.5 2.27 2.88 925 -165 96 -0.16 0
0 14 45 -0.81 3888 0.38 2984 0 0.46 0.38 1.15 1552 -335 150 0.5 2.37 -3.14 912 -19 -37 0.16 6
0 -106 132 -0.97 3937 0.2 2995 0 0.46 0.7 1.31 1813 -520 123 0.5 2.69 -2.98 808 -168 115 0.0 0
0 -90 112 -0.94 4069 0.18 3145 0 0.47 1.01 1.62 2241 -441 105 0.5 2.43 3.04 833 -29 -1 0.31 11
0 -108 194 -1.23 4280 -0.18 3327 0 0.47 1.33 1.62 2618 -447 24 0.5 2.74 3.04 1057 -151 204 -0.31 150
0 12 91 -0.92 4387 0.1 3365 0 0.47 1.64 2.25 2760 -267 -177 0.5 2.46 3.07 985 90 7 -0.31 104
0 -150 225 -0.6 4519 0.39 3474 0 0.48 1.73 2.65 2987 -387 -2 0.5 2.36 -3.0 1071 -227 316 -0.31 49
0 -16 -21 -0.41 4681 0.54 3683 0 0.49 2.36 -2.84 3075 -14 -410 0.5 2.18 -3.02 1111 57 -68 0.16 0
0 -13 -17 -0.56 4661 0.39 3686 0 0.49 2.67 -2.69 2855 139 -425 0.51 2.34 -3.02 823 166 -180 -0.16 51
0 -33 15 -0.4 4679 0.54 3726 0 0.49 2.91 -2.29 2567 261 -369 0.5 2.22 -2.98 1020 -106 177 0.31 0
0 -28 12 -0.71 4697 0.23 3762 0 0.5 3.23 -2.29 2198 391 -299 0.5 2.41 -3.11 1033 36 36 0.0 0
0 -23 10 -0.7 4712 0.23 3792 0 0.5 3.54 -1.97 1861 416 -219 0.51 2.37 -3.14 962 85 -21 0.16 0
1 368 -20 -0.52 2453 2.21 6225 0 0.5 3.84 3.0 8501 856 -118 0.51 2.06 1.22 7741 459 -46 0.0 50
1 341 14 -0.47 2069 2.22 6624 1 0.51 4.15 -2.97 9164 778 -33 0.51 1.97 1.13 8059 351 171 0.31 0
1 289 11 -0.72 1749 1.91 6963 1 0.51 4.29 3.14 9757 662 -23 0.51 2.13 0.98 8433 380 12 0.16 100
1 267 91 -0.85 1419 1.77 7269 1 0.51 4.57 -3.02 10389 574 -180 0.51 1.82 0.51 8869 385 -72 0.16 0
1 226 77 -0.98 1139 1.63 7531 0 0.51 4.89 -2.86 10859 469 -50 0.51 1.69 0.23 9239 326 -61 0.31 48
1 183 107 -1.3 890 1.33 7742 0 0.51 5.04 -3.02 11101 347 120 0.51 1.45 -0.33 9595 248 -173 0.31 50
1 134 127 -1.71 683 1.04 7897 0 0.51 5.1 3.0 11105 210 295 0.52 1.13 -0.96 9819 224 69 0.31 49
1 82 136 0.74 7994 0.26 5854 0 0.52 5.38 2.97 10928 66 382 0.53 1.06 -1.34 9932 104 -8 0.16 150
1 -37 185 0.61 7955 0.13 5718 0 0.52 5.5 2.93 10582 -87 430 0.53 0.75 -1.82 9728 -30 321 -0.16 149
1 -126 242 0.81 7823 0.32 5465 0 0.52 5.81 -2.88 10038 -179 338 0.53 0.51 -1.9 9224 -405 464 0.31 99
1 -442 153 -0.02 6807 -0.56 4154 0 0.53 6.27 2.91 7467 -890 288 0.54 0.38 -2.97 6146 -1034 189 0.0 150
1 -500 103 0.02 6257 -0.59 3561 0 0.54 0.3 -3.05 6297 -901 268 0.55 0.31 -3.04 4932 -1150 86 0.31 100
1 -555 -68 -0.4 5049 -1.26 2467 0 0.55 0.75 -3.07 4383 -1100 -124 0.57 0.26 2.72 3186 -1325 -168 0.0 100
0 -19 8 -0.85 4724 0.08 3817 0 0.5 3.84 -1.83 1491 469 -90 0.51 2.06 2.67 906 72 -18 -0.16 37
0 -3 101 -0.08 5190 0.76 4074 1 0.51 4.57 -0.31 1015 304 -170 0.51 1.82 -3.07 1194 115 -62 0.0 0
0 -2 85 -0.08 5291 0.74 4137 0 0.51 4.89 0.0 1169 241 -42 0.51 1.69 3.09 1132 98 -53 -0.16 0
0 -1 72 0.08 5376 0.88 4191 0 0.51 5.04 0.31 1192 163 85 0.51 1.45 3.0 893 64 -208 -0.31 75
0 99 240 0.05 5869 0.78 4442 0 0.52 5.5 0.77 942 49 485 0.53 0.75 2.3 1247 106 376 0.31 199
0 139 43 -0.29 5911 0.43 4363 0 0.52 5.81 0.77 1092 86 139 0.53 0.51 1.75 1393 -140 265 0.31 199
0 220 -99 -0.65 5790 0.09 4101 0 0.52 6.06 0.7 1125 22 18 0.53 0.19 1.12 1428 -183 55 0.31 150
0 689 -90 -1.99 5474 -1.32 2360 0 0.54 0.44 0.42 986 194 -21 0.56 0.31 0.3 1017 -25 -156 -0.16 99
0 669 -88 -1.97 5741 -1.51 2179 0 0.55 0.75 0.89 1064 124 -144 0.57 0.26 0.4 964 -101 -188 0.31 100
1 -537 -111 -0.39 4405 -1.48 2060 0 0.56 0.59 3.05 3895 -1140 -253 0.57 0.24 2.71 3310 -1356 -236 -0.16 100
1 -530 -136 -0.22 3761 -1.64 1829 0 0.56 0.38 3.0 3937 -1200 -319 0.58 0.16 2.78 4182 -1393 -269 -0.31 50
1 -492 -124 0.1 3165 -1.65 1801 0 0.57 0.49 -2.86 4533 -1211 -359 0.59 0.26 -3.09 5428 -1372 -275 -0.31 0
1 -418 -105 0.43 2659 -1.6 1928 0 0.58 0.17 -2.86 5444 -1196 -334 0.6 6.23 -3.09 6625 -1166 -233 -0.16 100
1 -437 -67 0.62 2147 -1.68 2136 0 0.59 6.16 -3.0 6524 -1266 -240 0.61 5.92 3.04 7760 -1072 -175 0.0 0
1 -371 -56 0.68 1717 -1.84 2388 0 0.6 5.85 2.97 7559 -1075 -203 0.61 5.64 2.76 8761 -920 -140 0.0 0
1 -315 -47 0.75 1359 -1.95 2641 0 0.6 5.53 2.65 8497 -934 -152 0.63 5.39 2.51 9626 -781 -118 0.0 0
1 -267 -39 0.85 1064 -2.03 2876 0 0.61 5.22 2.34 9307 -846 -34 0.62 5.08 2.2 10359 -687 -36 -0.16 50
1 -265 -15 1.21 809 -1.95 3105 0 0.61 4.9 2.18 9978 -789 150 0.62 4.76 2.04 10948 -630 157 -0.31 0
1 -225 -12 1.8 636 -1.68 3309 1 0.63 4.59 2.18 10463 -650 297 0.62 4.45 2.04 11341 -491 298 -0.16 0
1 -191 -10 -1.57 3488 -0.4 4715 1 0.63 4.28 2.02 10755 -481 407 0.62 4.24 1.99 11553 -341 405 -0.31 0
1 -162 -8 -1.28 3644 -0.13 4675 1 0.63 3.98 2.04 10858 -293 472 0.62 3.93 1.99 11722 -267 367 -0.31 95
1 -142 78 -1.02 3725 0.16 4549 1 0.63 3.67 2.04 10751 -107 572 0.62 3.61 1.99 11670 -81 475 -0.31 100
1 9 268 -0.52 3562 0.78 4046 1 0.64 3.12 2.13 9887 342 662 0.63 3.26 2.27 10867 363 605 -0.31 100
1 73 281 -0.28 3342 1.14 3744 1 0.64 2.81 2.13 9363 578 858 0.63 2.95 2.27 10290 143 581 -0.16 49
0 652 -60 -2.4 6115 -2.16 2300 0 0.56 0.59 0.42 1090 49 -202 0.57 0.24 0.07 1049 -167 -185 0.31 99
0 629 -11 -2.8 6582 -2.74 2677 0 0.56 0.38 -0.1 1060 -41 -194 0.58 0.16 -0.33 1286 -234 -144 -0.16 49
0 574 4 -2.72 7061 -2.75 3148 0 0.57 0.49 0.16 991 -145 -231 0.59 0.26 -0.07 1639 -306 -147 0.16 0
0 487 3 -2.93 7491 -3.01 3599 0 0.58 0.17 -0.31 910 -291 -226 0.6 6.23 -0.54 1953 -261 -125 -0.31 0
0 413 2 -2.65 7871 -2.76 4006 0 0.59 6.16 -0.3 943 -416 -171 0.61 5.92 -0.54 2227 -222 -106 -0.31 0
0 351 1 -2.37 8201 -2.5 4365 0 0.6 5.85 -0.3 1176 -353 -146 0.61 5.64 -0.51 2473 -198 -83 0.16 0
0 298 0 -2.55 8487 -2.69 4676 0 0.6 5.53 -0.77 1449 -321 -105 0.63 5.39 -0.91 2682 -168 -71 0.0 0
0 253 0 -2.57 8733 -2.72 4944 0 0.61 5.22 -1.08 1676 -326 5 0.62 5.08 -1.22 2875 -167 3 -0.31 0
0 215 0 -2.27 8944 -2.43 5174 0 0.61 4.9 -1.08 1824 -309 165 0.62 4.76 -1.22 3025 -150 172 -0.31 0
0 182 0 -1.97 9126 -2.13 5371 1 0.63 4.59 -1.08 1909 -243 309 0.62 4.45 -1.22 3112 -84 310 -0.16 0
0 210 -149 -1.54 9404 -1.71 5707 1 0.63 3.98 -1.22 1865 79 331 0.62 3.93 -1.27 3098 105 226 -0.31 149
0 200 -252 -1.26 9468 -1.46 5840 1 0.63 3.67 -1.22 1651 235 242 0.62 3.61 -1.27 2858 261 145 -0.16 114
0 171 -299 -1.15 9493 -1.37 5949 1 0.63 3.44 -1.29 1339 363 169 0.62 3.35 -1.38 2471 389 73 -0.16 194
0 -195 -161 -0.91 9172 -1.19 5808 1 0.64 2.81 -1.61 1137 310 416 0.63 2.95 -1.47 1743 -125 139 -0.16 50
1 98 260 -0.2 3125 1.35 3481 1 0.64 2.5 1.97 8563 652 656 0.63 2.64 2.11 9911 299 436 -0.31 100
1 166 238 0.04 2857 1.75 3283 1 0.65 2.18 1.97 7727 724 449 0.63 2.69 2.48 9380 448 332 -0.31 50
1 183 197 0.29 2596 2.15 3162 1 0.65 1.87 1.97 6920 707 214 0.64 2.58 2.69 8822 481 239 0.16 150
1 282 174 0.07 2235 2.12 3157 1 0.65 1.59 1.54 6090 727 135 0.64 2.64 2.58 8026 683 128 -0.16 99
1 324 139 0.17 1840 2.4 3263 1 0.65 1.27 1.38 5302 695 84 0.64 2.51 2.62 7289 438 81 -0.16 49
1 316 107 0.25 1465 2.66 3435 1 0.66 0.96 1.22 4553 933 89 0.65 2.83 3.09 6733 477 37 0.0 0
1 268 90 0.16 1155 2.75 3608 1 0.66 0.65 0.91 3771 683 -7 0.65 3.02 -3.0 6126 520 18 -0.31 150
1 334 7 0.41 765 3.12 3922 1 0.65 0.33 0.91 3081 575 -113 0.65 3.02 -2.69 5355 651 -66 0.16 99
1 361 -28 3.01 4299 0.76 8013 0 0.65 0.24 0.66 2249 816 -96 0.66 3.33 -2.53 4606 630 -90 0.0 0
1 290 -8 2.65 5436 0.37 6896 0 0.66 6.2 -0.14 1117 -421 84 0.66 3.44 -2.9 2951 158 -38 0.0 0
1 50 59 2.37 5760 0.07 6531 1 0.66 0.28 -0.09 934 96 95 0.65 2.84 2.48 3755 -429 -44 0.0 0
1 42 50 2.38 5783 0.06 6461 1 0.66 0.28 -0.09 1023 54 37 0.65 3.0 2.64 3983 -196 -61 0.0 0
1 35 42 2.39 5803 0.06 6402 1 0.66 0.02 -0.35 1035 70 41 0.65 3.18 2.81 4012 -25 -48 -0.16 0
0 -184 -175 -0.77 8897 -1.06 5577 1 0.64 2.5 -1.76 1298 370 221 0.63 2.64 -1.62 1728 17 1 -0.31 99
0 -215 -209 -0.47 8576 -0.79 5316 1 0.65 2.18 -1.76 1352 343 2 0.63 2.69 -1.26 1584 67 -115 0.16 99
0 -231 -247 -0.65 8225 -1.01 5049 1 0.65 1.87 -2.23 1254 293 -230 0.64 2.58 -1.52 1390 67 -205 -0.31 0
0 -193 61 0.28 6945 -0.2 3911 1 0.66 0.96 -2.2 922 424 43 0.65 2.83 -0.33 1389 -32 -9 -0.16 150
0 -290 69 0.47 6645 -0.03 3560 1 0.66 0.65 -2.36 1054 125 -28 0.65 3.02 0.02 1434 -38 -3 0.16 100
0 -33 67 0.04 6160 -0.5 2986 0 0.65 0.24 3.05 1156 422 -1 0.66 3.33 -0.14 1307 236 5 -0.31 0
0 -28 56 0.37 6154 -0.16 2943 0 0.65 0.52 -2.64 1396 211 -85 0.66 3.65 0.49 1048 219 14 -0.31 2
0 -63 45 0.69 6148 0.17 2906 0 0.65 0.23 -2.62 1412 -26 -112 0.66 3.7 0.86 809 -219 9 0.0 0
0 227 -41 0.84 6251 0.32 3028 1 0.66 0.28 -2.41 874 273 -5 0.65 2.84 0.16 2056 -252 -144 -0.16 178
0 190 65 1.0 6354 0.51 3100 1 0.66 0.28 -2.25 826 202 52 0.65 3.0 0.47 2262 -48 -46 0.31 80
1 29 35 2.56 5820 0.21 6353 1 0.66 0.09 -0.12 1102 -52 24 0.65 3.49 -3.0 3876 114 8 0.0 0
1 24 29 2.57 5834 0.21 6312 1 0.66 0.4 0.19 1119 85 59 0.65 3.8 -2.69 3685 162 57 -0.31 0
1 20 24 2.89 5846 0.52 6278 1 0.66 0.26 0.37 1217 -92 6 0.65 3.54 -2.64 3355 286 112 -0.31 0
1 17 20 -3.08 5857 0.83 6250 1 0.66 0.3 0.72 1265 43 135 0.65 3.23 -2.64 3018 297 99 0.31 0
1 14 17 2.9 5866 0.52 6227 1 0.66 0.61 0.72 1377 -103 17 0.66 3.54 -2.64 2722 267 90 0.31 0
1 11 14 2.59 5873 0.2 6207 1 0.67 0.3 0.09 1603 -236 -31 0.66 3.86 -2.64 2478 226 76 0.16 0
1 9 11 2.43 5879 0.04 6191 1 0.67 6.27 -0.38 1572 193 50 0.66 3.54 -3.11 2737 -372 -11 0.16 0
1 -548 72 1.97 5644 -0.46 6325 1 0.67 5.99 -1.13 2112 -713 197 0.65 3.14 2.3 3235 -572 67 0.31 0
1 -465 61 1.63 5104 -0.81 6813 1 0.67 5.71 -1.73 2997 -725 244 0.66 3.04 1.88 3610 -317 40 0.16 0
1 -395 51 1.46 4648 -1.0 7235 1 0.68 5.39 -2.2 3936 -723 338 0.66 3.35 2.04 3900 -244 39 0.31 0
1 -335 43 1.12 4263 -1.34 7598 1 0.68 5.24 -2.67 4775 -634 322 0.66 3.44 1.82 4147 -207 33 0.31 0
1 -284 36 0.78 3939 -1.67 7908 1 0.69 5.08 3.14 5513 -549 301 0.66 3.67 1.73 4351 -171 31 0.31 150
1 -321 129 0.46 3531 -2.01 8237 1 0.69 4.76 2.51 6297 -547 387 0.66 3.91 1.66 4637 -220 130 0.31 0
1 -272 109 0.14 3185 -2.35 8520 1 0.69 4.45 1.88 6963 -464 328 0.67 4.22 1.66 4854 -143 192 -0.16 49
1 -262 121 0.3 2845 -2.22 8794 1 0.71 4.14 1.73 7576 -423 310 0.67 4.5 2.09 5088 -153 191 0.31 50
0 95 142 0.42 6673 -0.0 3271 1 0.66 0.4 -2.76 930 156 172 0.65 3.8 0.65 1858 233 170 0.0 150
0 43 214 0.15 6818 -0.2 3275 1 0.66 0.3 3.11 1101 69 329 0.65 3.23 -0.24 1333 323 293 0.31 150
0 -65 105 -0.14 6810 -0.47 3217 1 0.66 0.61 3.11 1085 -182 105 0.66 3.54 -0.24 1238 188 178 0.31 0
0 -182 -26 -0.11 6604 -0.43 2957 1 0.67 6.27 2.48 1009 2 13 0.66 3.54 -0.24 1568 -563 -48 -0.31 150
0 -275 -63 0.22 6288 -0.12 2624 1 0.67 5.95 2.48 1099 -279 25 0.65 3.25 -0.23 2044 -490 -71 0.16 39
0 -166 -47 0.08 6053 -0.28 2377 1 0.67 5.99 2.36 1379 -331 78 0.65 3.14 -0.49 2274 -190 -52 0.31 0
0 -141 -39 -0.23 5887 -0.6 2205 1 0.67 5.71 1.76 1813 -401 144 0.66 3.04 -0.91 2244 7 -60 0.31 0
0 -119 -33 -0.54 5748 -0.92 2059 1 0.68 5.39 1.13 2401 -447 254 0.66 3.35 -0.91 2194 32 -45 0.16 0
0 -101 -28 -0.69 5631 -1.08 1936 1 0.68 5.24 0.82 2952 -400 251 0.66 3.44 -0.98 2152 27 -38 0.16 50
0 -91 -65 -0.84 5497 -1.27 1815 1 0.69 5.08 0.51 3426 -356 200 0.66 3.67 -0.91 2107 22 -70 0.0 100
0 -89 -139 -0.86 5320 -1.35 1692 1 0.69 4.76 0.19 3807 -315 119 0.66 3.91 -0.66 2065 12 -138 0.16 0
0 -75 -118 -1.03 5170 -1.59 1598 1 0.69 4.45 -0.28 4132 -267 101 0.67 4.22 -0.51 1997 54 -35 0.31 199
0 -8 -261 -1.39 5005 -2.1 1619 1 0.71 4.14 -0.91 4250 -169 -72 0.67 4.5 -0.54 1864 101 -191 0.0 98
1 -261 120 -0.02 2506 -2.55 9072 1 0.71 3.82 1.1 8078 -265 387 0.67 4.8 2.08 5407 -182 313 -0.16 0
1 -221 102 0.14 2219 -2.41 9310 1 0.71 3.51 0.94 8391 -66 389 0.67 5.11 2.55 5832 -221 422 0.0 50
1 -223 109 0.14 1926 -2.43 9552 1 0.71 3.19 0.63 8561 78 361 0.68 5.43 2.86 6319 -258 422 -0.31 100
1 -243 158 0.49 1589 -2.14 9813 1 0.71 2.88 0.63 8634 177 328 0.68 5.74 -2.79 6998 -390 494 0.0 50
1 -233 167 0.55 1261 -2.16 10066 1 0.72 2.65 0.4 8571 273 233 0.68 6.06 -2.48 7715 -431 469 -0.31 50
1 -213 181 0.99 960 -1.87 10300 1 0.73 2.88 0.94 8414 372 194 0.69 0.05 -1.88 8418 -433 434 -0.31 0
1 -181 153 1.48 725 -1.57 10502 1 0.73 2.88 1.26 8854 -558 1245 0.69 0.3 -1.33 9046 -405 356 -0.31 0
1 -153 130 -1.28 10676 -1.64 7034 1 0.72 2.57 1.26 9989 -341 972 0.69 0.61 -0.7 9591 -366 286 -0.31 49
1 -106 146 -0.98 10798 -1.34 7211 1 0.72 2.6 1.61 10799 -119 775 0.69 0.93 -0.07 10055 -287 278 -0.31 199
1 685 -2 0.25 7516 -0.44 5166 1 0.72 2.08 2.5 12245 800 172 0.71 2.93 -2.93 8121 989 -191 0.16 150
0 20 -302 -1.46 4864 -2.3 1746 1 0.71 3.82 -1.22 4213 16 -35 0.67 4.8 -0.24 1749 99 -109 0.0 0
0 17 -256 -1.52 4761 -2.44 1900 1 0.71 3.51 -1.54 4064 172 31 0.67 5.11 0.07 1725 17 64 0.0 49
0 53 -385 -1.52 4627 -2.53 2445 1 0.71 2.88 -2.01 3154 473 -215 0.68 5.74 0.86 1845 -94 -49 -0.31 150
0 -58 -356 -1.89 4658 -2.83 3872 1 0.73 2.88 -2.01 1192 -435 736 0.69 0.3 1.69 2635 -282 -153 0.31 0
0 -49 -302 -2.28 4665 3.09 4164 1 0.72 2.57 -2.64 1872 -237 540 0.69 0.61 1.69 2983 -262 -146 -0.31 0
0 -41 -256 -2.03 4693 -2.92 4420 1 0.72 2.6 -2.29 2282 -54 373 0.69 0.93 2.32 3279 -222 -124 -0.16 0
0 -34 -217 -1.93 4733 -2.79 4642 1 0.72 2.34 -2.39 2460 67 202 0.69 1.24 2.79 3531 -187 -105 -0.31 198
0 -78 -347 -1.7 4800 -2.52 4995 1 0.72 2.32 -2.09 2281 123 -114 0.69 1.55 -2.86 3870 -208 -252 0.31 171
0 -63 -464 -2.12 4986 -2.88 5495 1 0.72 2.15 -2.58 1746 199 -410 0.69 1.87 -2.86 4297 -123 -545 0.0 171
0 -340 -15 -2.31 5262 -2.97 6330 1 0.72 2.16 -2.57 1346 -406 584 0.71 2.44 -2.29 5269 -320 -127 0.31 0
0 -289 -12 -2.67 5022 2.94 6291 1 0.72 2.22 -2.83 1866 -250 368 0.71 2.62 -2.43 5528 -126 -192 0.16 198
0 -166 -160 -2.88 5019 2.75 6456 1 0.72 2.08 -3.12 1911 -51 14 0.71 2.93 -2.27 5687 138 -349 0.16 199