1 289 470 0.01 7258 1.47 6124 1 0.01 0.89 -0.12 918 -57 40 0.0 0.77 -0.24 1935 208 392 0.31 99
1 393 534 -0.2 5131 1.58 6377 1 0.03 0.86 -0.38 1130 -27 -161 0.01 0.82 -0.42 2121 47 359 -0.05 197
1 396 611 -0.13 4274 1.76 6645 1 0.03 0.59 -0.59 1138 -7 -11 0.01 1.06 -0.12 2219 20 314 -0.03 199
1 352 621 -0.72 1573 1.49 7932 1 0.05 0.45 -1.33 907 -92 -77 0.03 0.89 -0.89 2447 -108 161 0.31 196
1 227 527 -1.23 795 1.27 8318 1 0.06 0.3 -1.8 838 -153 -218 0.04 1.15 -0.94 2313 -232 -19 0.31 199
1 66 561 1.03 8563 2.45 5322 1 0.05 0.02 -2.39 958 -260 -72 0.04 1.19 -1.22 2133 -253 253 0.31 199
1 -98 545 0.79 8663 2.14 5975 1 0.05 5.99 -3.02 1171 -415 20 0.05 1.24 -1.48 2097 -402 188 -0.31 0
1 -380 373 0.3 8418 1.59 7105 0 0.04 5.39 2.04 2355 -701 90 0.05 1.87 -1.48 2295 -600 93 0.31 199
1 -513 70 -0.21 7636 1.1 7790 0 0.04 4.82 0.84 4149 -805 128 0.07 2.5 -1.48 2672 -543 -249 0.23 198
0 0 0 1.04 7908 2.39 6229 0 0.0 0.89 0.91 999 0 0 0.0 0.77 0.78 2000 0 0 0.47 199
0 152 75 0.19 7711 1.96 3300 1 0.01 0.89 0.44 1941 -194 -355 0.0 0.77 0.31 937 71 -3 0.16 198
0 367 232 0.06 6834 2.05 3648 1 0.02 0.89 0.3 1883 3 -436 0.01 0.77 0.17 801 158 32 0.07 124
0 489 425 0.21 5407 2.55 4315 1 0.03 0.59 0.17 1875 86 -197 0.01 1.06 0.65 1170 113 128 0.03 199
0 629 457 0.08 3649 2.66 5668 1 0.05 0.58 0.03 1637 267 -285 0.02 0.86 0.31 1329 206 64 0.31 0
0 534 388 -0.24 2872 2.41 6335 1 0.05 0.45 -0.4 1761 90 -310 0.03 0.89 0.03 1268 74 -72 0.31 0
0 453 329 -0.56 2212 2.14 6920 1 0.06 0.3 -0.87 1956 73 -416 0.04 1.15 -0.02 1024 -6 -217 0.31 183
0 475 482 -0.89 1618 1.86 7449 1 0.05 0.02 -1.47 2215 149 -151 0.04 1.19 -0.3 840 156 174 0.31 0
0 -252 481 0.55 8613 1.86 6582 0 0.04 5.67 2.64 1638 -563 65 0.05 1.55 -1.48 2131 -511 151 0.31 0
0 290 294 1.66 8948 3.0 5560 0 0.04 5.39 -2.69 2343 -31 11 0.05 1.87 0.07 1079 70 14 0.31 0
0 246 249 1.36 9317 2.63 5837 0 0.04 5.13 3.02 2263 -76 119 0.06 2.18 0.07 1116 93 -37 0.31 0
0 209 211 1.07 9632 2.27 6084 0 0.04 4.82 2.39 2055 -83 269 0.07 2.5 0.07 1191 179 -108 0.31 199
1 -543 -327 -0.26 5704 1.22 8019 0 0.04 3.87 -0.24 6311 -500 68 0.07 3.44 -0.68 2842 -148 -514 -0.05 199
1 -563 -413 -0.2 4884 1.37 8051 0 0.05 3.58 -0.49 6749 -372 -7 0.07 3.75 -0.31 2961 -88 -475 -0.05 199
1 -562 -566 -0.46 3054 1.33 8230 0 0.06 3.23 -1.1 7204 -114 -229 0.08 3.84 -0.49 3268 21 -408 0.31 143
1 -486 -599 -0.85 2163 1.13 8332 0 0.06 3.26 -1.38 7162 62 -293 0.09 3.86 -0.79 3321 137 -353 0.31 0
1 -413 -509 -1.29 1425 0.9 8495 0 0.07 3.11 -1.85 6944 222 -255 0.1 3.94 -1.01 3214 233 -177 0.31 0
1 -351 -432 -1.88 846 0.66 8686 0 0.07 3.21 -2.06 6574 358 -205 0.1 3.98 -1.29 2968 302 -35 0.31 0
1 -298 -367 0.41 8882 1.74 3944 0 0.08 3.26 -2.32 6074 473 -154 0.11 4.24 -1.34 2644 311 77 0.31 199
1 243 -263 -0.27 8349 1.11 4860 0 0.11 3.47 -2.91 3240 1106 -40 0.14 4.96 -1.43 1194 637 286 -0.02 199
1 584 -138 -0.16 6573 1.54 5163 0 0.13 3.07 3.04 2362 1033 64 0.14 5.9 -0.42 2246 510 431 -0.03 200
0 21 246 0.78 9758 1.96 6374 0 0.04 4.5 1.76 1836 -193 461 0.07 2.81 0.07 1288 144 -77 0.31 199
0 -464 -75 -0.23 8532 1.06 6932 0 0.05 3.35 -0.51 2705 -136 304 0.08 3.84 -0.02 1642 69 -18 -0.03 199
0 -526 -170 -0.18 7892 1.19 6895 0 0.06 3.23 -0.59 2872 -78 167 0.08 3.84 0.02 1703 57 -12 -0.03 199
0 -633 -308 -0.11 6324 1.47 6877 0 0.07 3.11 -0.66 2906 2 -54 0.1 3.94 0.17 1772 13 24 -0.03 199
0 -752 -429 -0.04 3438 1.92 7533 0 0.09 3.3 -0.42 2507 71 -221 0.12 4.33 0.61 1504 -177 91 0.31 0
0 -639 -364 -0.35 2572 1.71 7916 0 0.1 3.33 -0.7 2207 223 -155 0.13 4.64 0.61 1458 -145 161 0.31 0
0 -543 -309 -0.66 1837 1.47 8299 0 0.11 3.47 -0.87 1817 320 -86 0.14 4.96 0.61 1520 -149 240 0.31 76
0 -465 -332 -1.01 1167 1.22 8632 0 0.12 3.53 -1.13 1326 408 -87 0.14 5.27 0.61 1623 -197 241 0.31 61
0 -600 -488 0.75 9388 1.96 4515 0 0.13 3.07 -2.22 1052 -151 -286 0.14 5.9 0.61 1750 -674 81 0.31 199
1 795 -97 -0.06 3961 2.06 6116 0 0.13 4.01 -2.22 5567 1083 42 0.15 0.31 0.37 3772 325 177 0.31 199
1 840 -38 -0.39 2974 1.88 6635 0 0.13 4.33 -2.22 6782 1092 99 0.15 0.3 0.03 4137 278 145 0.31 140
1 813 32 -0.78 2035 1.68 7168 0 0.13 4.64 -2.22 7932 1030 191 0.16 0.31 -0.26 4386 174 135 0.31 0
1 691 27 -1.26 1262 1.45 7686 0 0.13 4.96 -2.22 8857 834 325 0.17 0.31 -0.58 4400 -11 61 0.31 0
1 587 22 -1.98 683 1.2 8164 0 0.13 5.27 -2.22 9553 621 415 0.17 0.4 -0.8 4213 -165 -16 0.31 0
1 498 18 0.93 8594 1.8 5777 0 0.13 5.59 -2.22 10039 417 444 0.18 0.56 -0.96 3869 -277 -98 0.31 197
1 229 294 0.41 8837 1.24 6595 0 0.14 6.21 -2.22 10195 -132 667 0.19 1.19 -0.96 3022 -432 78 0.31 199
1 -255 344 -0.27 7893 0.65 6681 0 0.15 0.47 -2.46 8521 -882 420 0.21 2.09 -0.84 1879 -575 -18 -0.03 199
1 -382 332 -0.22 7315 0.77 6463 0 0.16 0.38 -2.51 7588 -1072 332 0.22 2.41 -0.49 1664 -527 -89 -0.02 199
1 -488 327 -0.19 6630 0.88 6188 0 0.16 0.26 -2.62 6597 -1237 284 0.22 2.62 -0.26 1617 -465 -117 -0.03 199
1 -577 328 -0.14 5851 1.04 5904 0 0.17 0.49 -2.36 5670 -1361 213 0.22 2.83 -0.02 1725 -396 -102 -0.03 199
0 32 -436 -0.0 9725 1.09 6288 0 0.13 4.01 -2.22 1547 320 -297 0.15 0.31 0.37 2590 -438 -162 0.31 199
0 191 -326 -0.28 9486 0.84 6517 0 0.13 4.33 -2.22 1708 443 -189 0.15 0.3 0.03 2897 -371 -143 0.02 199
0 325 -229 -0.27 9102 0.89 6601 0 0.13 4.64 -1.92 1928 542 -70 0.16 0.31 0.03 3186 -314 -126 -0.02 199
0 440 -149 -0.23 8588 0.99 6584 0 0.13 4.96 -1.59 2142 583 149 0.17 0.31 0.05 3441 -262 -115 -0.02 199
0 538 -84 -0.2 7959 1.11 6512 0 0.13 5.27 -1.26 2429 572 309 0.17 0.4 0.16 3653 -214 -122 0.31 199
0 600 19 -0.51 7252 0.9 6372 0 0.13 5.59 -1.26 2791 519 445 0.18 0.56 0.0 3833 -175 -97 0.31 197
0 618 147 -0.84 6518 0.7 6160 0 0.13 5.9 -1.26 3157 392 572 0.19 0.87 0.0 3992 -149 -79 0.31 197
0 587 283 -1.21 5825 0.51 5869 0 0.14 6.21 -1.26 3498 226 656 0.19 1.19 0.0 4090 -74 67 0.09 198
0 548 403 -1.39 5215 0.54 5521 0 0.14 0.17 -1.1 3830 74 689 0.2 1.47 0.19 4144 -22 143 -0.03 199
0 520 503 -1.5 4722 0.72 5151 0 0.14 0.37 -0.87 4178 -41 685 0.21 1.78 0.54 4161 43 250 0.31 171
0 327 669 -2.5 4544 0.42 4354 0 0.16 0.38 -1.48 4829 -363 669 0.22 2.41 0.54 4015 182 248 0.31 0
0 99 584 2.89 5173 0.12 3830 0 0.17 0.49 -2.01 5296 -685 469 0.22 2.83 0.33 3576 280 154 0.31 2
1 -774 301 -0.4 3083 1.28 5463 0 0.19 0.7 -2.39 5272 -1479 93 0.24 2.72 -0.37 2301 -257 -121 0.31 139
1 -772 225 -0.78 2155 1.14 5490 0 0.2 1.01 -2.39 6028 -1415 -23 0.24 2.83 -0.58 2416 -189 -180 0.31 0
1 -656 191 -1.23 1387 0.97 5639 0 0.21 1.33 -2.39 6891 -1215 -73 0.25 2.91 -0.8 2363 -14 -187 0.31 0
1 -557 162 -1.87 792 0.77 5849 0 0.21 1.62 -2.41 7668 -1025 -178 0.26 2.78 -1.26 2177 114 -207 0.31 0
1 -34 -405 -0.25 5279 1.03 7437 0 0.22 2.98 -2.39 7891 262 -854 0.27 1.95 2.86 1894 320 -552 0.0 199
1 167 -541 -0.17 4072 1.21 7401 0 0.23 3.05 -2.3 6586 692 -903 0.27 1.95 2.88 1641 525 -433 0.0 199
1 243 -596 -0.15 3318 1.32 7363 0 0.24 3.02 -2.34 5949 858 -923 0.27 1.64 2.57 2226 558 -651 0.31 198
1 345 -604 -0.48 2499 1.11 7304 0 0.25 3.16 -2.51 5444 1037 -879 0.27 1.34 1.95 3202 582 -784 0.31 199
1 455 -563 -0.89 1671 0.92 7202 0 0.25 3.47 -2.51 5209 1135 -764 0.27 1.13 1.43 4223 652 -724 0.31 0
0 -100 424 2.15 6071 -0.23 3400 0 0.19 0.56 -2.57 5725 -899 205 0.23 2.79 -0.33 2974 326 8 0.31 199
0 -349 165 1.56 6925 -0.71 2609 0 0.2 1.01 -2.74 6355 -992 -83 0.24 2.83 -0.93 2264 234 -240 0.31 0
0 -296 140 1.28 7262 -0.97 2249 0 0.21 1.33 -2.74 6730 -855 -124 0.25 2.91 -1.15 1786 346 -238 0.3 198
0 -312 36 0.74 7651 -1.64 1559 0 0.21 1.94 -2.74 7105 -652 -401 0.26 2.69 -1.99 1016 -232 417 -0.31 0
0 -265 30 1.09 7884 -1.32 1245 0 0.21 2.25 -2.11 7185 -446 -473 0.26 2.71 -1.66 1327 -44 281 0.31 0
0 -225 25 0.79 8086 -1.63 978 0 0.22 2.57 -2.11 7115 -236 -495 0.26 2.48 -2.2 1423 96 133 0.24 0
0 -137 -150 0.67 8251 -2.11 636 0 0.22 2.98 -1.87 6459 159 -599 0.27 1.95 -2.9 987 217 -297 0.31 4
0 -112 -83 0.37 8260 -2.72 587 0 0.23 2.98 -2.18 5930 307 -492 0.27 2.27 -2.9 916 237 223 -0.31 0
0 -95 -70 0.7 8288 -2.64 571 0 0.23 3.05 -1.8 5318 430 -432 0.27 1.95 -2.9 1063 263 38 -0.31 0
0 -80 -59 1.03 8313 -2.53 582 0 0.24 3.02 -1.52 4620 535 -386 0.27 1.64 -2.9 1113 235 -114 -0.31 0
0 -68 -50 1.36 8335 -2.38 610 0 0.25 3.16 -1.06 3849 624 -325 0.27 1.34 -2.88 1104 169 -230 -0.31 154
0 -152 -135 1.7 8373 -2.36 747 0 0.25 3.47 -0.44 3223 528 -336 0.27 1.13 -2.78 1036 45 -296 -0.31 0
1 386 -478 -1.42 1002 0.7 7194 0 0.26 3.46 -2.84 5339 1036 -625 0.27 0.82 0.8 5208 452 -724 0.31 0
1 433 105 -0.27 6484 1.33 5962 1 0.29 4.68 -2.88 6252 876 301 0.28 5.86 -1.69 7198 89 -17 0.09 197
1 381 382 -0.27 5366 1.44 6472 1 0.29 4.71 -2.91 5613 268 678 0.28 5.32 -2.3 6454 -29 484 -0.03 197
1 367 488 -0.22 4656 1.58 6710 1 0.29 4.8 -2.79 5102 258 909 0.28 5.01 -2.58 5666 -32 736 -0.03 194
1 306 723 -0.47 2060 1.65 7719 1 0.31 5.04 -2.81 4894 132 1388 0.29 4.26 2.69 3303 185 1286 0.31 197
1 208 776 -0.96 1152 1.44 8083 1 0.32 5.36 -2.81 5578 61 1341 0.3 4.21 2.32 3442 185 1400 0.31 79
1 137 714 1.22 8436 2.68 5202 1 0.32 5.67 -2.81 6401 -42 1232 0.31 4.12 1.92 4298 212 1385 0.31 132
1 25 673 1.0 8718 2.34 5980 1 0.33 5.99 -2.81 7228 -175 1128 0.31 4.21 1.69 5498 170 1391 0.31 196
1 -137 624 0.77 8863 2.04 6731 1 0.34 0.02 -2.81 7952 -371 1009 0.32 4.52 1.69 6609 -14 1234 0.31 200
0 -129 -114 2.04 8410 -2.21 897 0 0.26 3.46 -0.14 2645 521 -261 0.27 0.82 -2.78 975 -63 -360 -0.31 0
0 -109 -96 2.37 8445 -2.0 1038 0 0.27 3.77 0.49 2085 530 -158 0.27 0.51 -2.78 1001 -180 -377 -0.31 100
0 -176 -67 2.71 8569 -1.83 1186 0 0.27 4.05 1.08 1639 425 -45 0.27 0.19 -2.78 1113 -394 -337 -0.31 100
0 -224 -17 3.04 8776 -1.69 1338 1 0.28 4.36 1.71 1330 291 14 0.28 6.18 -2.76 1392 -446 -242 -0.31 0
0 -208 -30 -2.58 9126 -1.27 1661 1 0.29 4.96 2.93 981 -343 119 0.28 5.62 -2.69 2224 -575 -73 -0.31 0
0 -176 -25 -2.25 9287 -1.02 1837 1 0.29 4.71 3.0 1304 -289 271 0.28 5.32 -2.67 2696 -586 77 -0.31 0
0 -149 -21 -1.93 9426 -0.75 1991 1 0.29 4.8 -2.88 1705 -258 400 0.28 5.01 -2.67 3135 -548 227 -0.31 0
0 -126 -17 -1.6 9544 -0.47 2124 1 0.3 4.89 -2.48 2219 -245 494 0.28 4.69 -2.67 3519 -463 363 -0.31 0
0 -107 -14 -1.28 9645 -0.19 2238 1 0.31 4.96 -2.09 2860 -248 584 0.29 4.38 -2.67 3830 -339 470 -0.31 76
0 -32 17 -0.97 9688 0.11 2259 1 0.31 5.04 -1.69 3593 -206 682 0.29 4.26 -2.48 4023 -153 580 -0.31 199
0 560 -194 -0.27 7593 2.06 1692 1 0.34 0.33 0.66 5023 201 77 0.32 4.83 -1.12 3883 664 324 0.19 199
1 -497 -100 -0.42 7507 0.8 8757 1 0.35 1.4 -2.93 8037 -907 -427 0.33 6.06 1.73 9250 -662 246 -0.05 198
1 -493 -239 -0.34 6897 0.93 8761 1 0.36 1.36 -2.91 7448 -875 -683 0.33 0.09 2.09 9209 -802 40 -0.05 198
1 -513 -655 -0.45 2616 1.29 8600 1 0.39 2.29 -2.13 6404 -597 -1281 0.35 1.52 -2.9 7692 -919 -1045 0.31 57
1 -434 -692 -0.87 1679 1.09 8637 1 0.4 2.6 -2.13 6929 -398 -1289 0.35 1.54 3.09 7504 -785 -1193 0.31 0
1 -368 -588 -1.44 927 0.87 8751 1 0.4 2.91 -2.13 7438 -172 -1133 0.36 1.71 2.95 7538 -643 -1182 0.31 19
1 -302 -513 0.63 8889 1.97 3910 1 0.4 3.23 -2.13 7834 33 -961 0.36 1.71 2.64 7744 -513 -1186 0.31 198
1 -118 -534 0.39 8862 1.7 4527 1 0.4 3.54 -2.13 8009 323 -848 0.37 1.83 2.44 7936 -262 -1234 0.31 199
0 713 -193 -0.48 6045 2.5 2826 1 0.34 0.96 1.17 4560 242 -223 0.34 5.43 -0.65 4193 786 183 -0.03 199
0 820 -211 -0.65 4366 2.76 4561 1 0.35 1.4 1.62 3348 410 -538 0.33 6.06 0.0 4991 655 135 0.31 0
0 697 -179 -1.1 3713 2.5 5363 1 0.36 1.36 1.27 2615 315 -623 0.33 0.09 0.0 5305 388 100 0.31 0
0 592 -152 -1.57 3230 2.22 6054 1 0.36 1.47 1.06 1862 252 -687 0.33 0.38 -0.02 5428 173 21 0.31 0
0 503 -129 -2.05 2898 1.93 6645 1 0.37 1.5 0.79 1164 202 -750 0.33 0.7 -0.02 5346 17 -92 0.31 163
0 461 172 -3.06 3063 1.4 7574 1 0.38 1.97 0.63 1432 294 -486 0.34 1.33 -0.02 5148 -7 -88 0.31 195
0 377 315 2.8 3516 1.15 7856 1 0.39 2.29 0.63 1887 293 -311 0.35 1.52 -0.14 5055 -29 -75 0.31 143
0 272 381 2.43 4036 0.9 8031 1 0.4 2.6 0.63 2326 308 -216 0.35 1.54 -0.44 4886 -79 -120 0.31 185
0 127 443 2.12 4579 0.66 8056 1 0.4 2.91 0.63 2720 323 -102 0.36 1.71 -0.58 4643 -148 -151 0.31 199
0 -197 432 1.6 5534 0.16 7640 1 0.4 3.54 0.63 3255 244 118 0.37 1.83 -1.08 3807 -341 -268 0.31 199
0 -336 352 1.37 5882 -0.1 7226 1 0.41 3.8 0.58 3388 172 191 0.38 1.82 -1.41 3160 -415 -407 0.31 199
1 349 -308 -0.4 7914 0.99 5631 1 0.42 3.96 -2.65 7203 933 -197 0.4 2.2 1.87 8375 429 -1081 -0.03 199
1 459 -212 -0.33 7362 1.13 5773 1 0.42 3.96 -2.62 6588 1070 7 0.4 2.23 1.94 8274 584 -202 -0.05 199
1 637 -81 -0.21 5955 1.46 5999 1 0.44 4.17 -2.32 5390 1235 335 0.4 2.86 2.65 7147 945 -175 -0.05 199
1 709 -41 -0.15 5121 1.64 6183 1 0.44 4.29 -2.15 5133 1275 441 0.41 3.18 3.02 6515 1140 -114 -0.03 199
1 771 -13 -0.11 4214 1.82 6466 1 0.45 4.61 -1.8 5335 1258 451 0.41 3.49 -2.91 5959 1297 -16 -0.03 199
1 824 3 -0.07 3244 1.98 6869 1 0.46 4.89 -1.48 5920 1226 465 0.42 3.7 -2.67 5635 1414 90 0.31 199
1 856 169 -0.89 1247 1.6 7823 1 0.47 5.48 -1.52 7569 1057 618 0.43 3.91 -3.09 6002 1511 446 0.31 60
1 753 187 1.38 8301 2.29 5332 1 0.47 5.79 -1.52 8248 773 648 0.44 3.91 2.88 6723 1400 509 0.31 66
1 652 214 1.15 8734 2.0 6133 1 0.48 6.11 -1.52 8716 502 636 0.44 4.22 2.88 7586 1281 637 0.31 183
1 540 336 0.91 9029 1.72 6840 1 0.48 6.27 -1.68 8952 243 698 0.45 4.15 2.5 8463 1114 760 0.31 199
1 392 442 0.67 9162 1.46 7421 1 0.48 0.07 -1.9 8949 -30 737 0.46 4.43 2.46 9245 880 804 0.31 199
1 221 504 0.43 9132 1.21 7856 1 0.49 0.07 -2.22 8711 -307 742 0.46 4.75 2.46 9874 635 820 0.31 199
1 -129 477 -0.08 8617 0.72 8242 1 0.5 0.0 -2.91 7624 -824 642 0.47 5.36 2.44 10463 68 861 0.31 199
0 -606 764 1.04 6566 -0.61 5460 1 0.42 3.96 0.12 3569 5 983 0.4 2.23 -1.61 1111 -481 774 0.31 198
0 -604 504 0.81 7295 -0.78 4852 1 0.43 4.15 0.0 3763 5 834 0.4 2.55 -1.61 1733 -378 432 0.23 196
0 -568 267 0.66 7786 -0.9 4297 1 0.44 4.17 -0.21 4122 30 683 0.4 2.86 -1.52 2049 -260 173 0.31 171
0 -485 56 0.41 8048 -1.15 3789 1 0.44 4.29 -0.4 4541 81 538 0.41 3.18 -1.52 2062 -54 -17 0.21 199
0 -380 -119 0.25 8101 -1.35 3323 1 0.45 4.61 -0.3 4886 107 345 0.41 3.49 -1.41 1852 146 -122 0.0 199
0 -215 -394 0.38 7704 -1.52 2508 1 0.46 5.18 0.3 5262 93 62 0.42 3.89 -0.99 1182 411 -205 0.0 195
0 -153 -502 0.45 7314 -1.76 2263 1 0.47 5.48 0.59 5267 48 -53 0.43 3.91 -0.98 1073 502 -225 0.31 198
0 -50 -577 0.2 6812 -2.37 2313 1 0.47 5.79 0.59 5155 -30 -116 0.44 3.91 -1.29 1402 597 -255 0.09 198
0 123 -686 0.33 5546 -2.83 3301 1 0.48 6.27 1.05 4525 -174 -324 0.45 4.15 -1.06 2879 697 -262 0.0 198
0 186 -732 0.44 4833 -2.95 4078 1 0.48 0.07 1.13 4019 -236 -437 0.46 4.43 -0.79 3691 674 -370 0.07 198
0 249 -765 0.5 4103 -3.09 4970 1 0.49 0.07 1.06 3447 -279 -527 0.46 4.75 -0.54 4544 663 -449 0.31 199
0 343 -758 0.36 3377 2.85 5932 1 0.49 0.03 0.72 2925 -275 -562 0.47 5.06 -0.54 5442 678 -444 0.31 0
0 291 -644 0.26 2881 2.51 6754 1 0.5 0.0 0.37 2366 -404 -479 0.47 5.36 -0.56 6079 488 -260 0.31 0
1 -871 1 -0.87 1506 0.97 5998 1 0.55 2.41 -1.26 6573 -965 -507 0.51 0.38 3.0 5839 -1642 -28 0.31 0
1 -740 0 -1.58 745 0.8 5994 1 0.55 2.72 -1.26 6964 -665 -501 0.52 0.38 2.69 6395 -1517 -73 0.31 0
1 -553 -168 0.4 6052 1.67 7032 1 0.56 3.05 -1.55 7194 -194 -593 0.53 1.01 2.69 7915 -1128 -236 0.31 197
1 -435 -309 0.19 5885 1.4 7550 1 0.57 3.05 -1.87 6995 39 -684 0.54 1.33 2.69 8457 -955 -488 0.31 197
1 -285 -410 -0.03 5594 1.15 7919 1 0.57 2.98 -2.25 6594 285 -754 0.55 1.64 2.69 8817 -722 -640 0.31 199
0 247 -547 0.19 2598 2.18 7453 1 0.51 0.09 0.14 1790 -513 -421 0.47 5.67 -0.56 6431 275 -123 0.31 175
0 412 232 0.03 925 0.81 9482 1 0.55 1.47 -0.05 1285 -104 -19 0.49 0.12 -1.4 6444 -197 390 0.31 193
0 307 361 0.34 604 0.55 9437 1 0.55 1.78 -0.05 1258 -98 -12 0.5 0.28 -1.55 5961 -373 448 0.31 198
0 169 450 0.3 9234 1.08 6153 1 0.55 2.09 -0.05 1247 -90 -14 0.5 0.24 -1.9 5289 -573 482 0.31 199
0 12 490 0.03 8885 0.86 6245 1 0.55 2.41 -0.05 1250 -82 -18 0.51 0.38 -2.08 4467 -759 461 0.31 199
0 -148 478 -0.24 8414 0.64 6203 1 0.55 2.72 -0.05 1267 -73 -23 0.52 0.38 -2.39 3552 -925 405 0.09 199
0 -501 440 -0.13 6382 1.02 5609 1 0.57 3.05 0.31 1204 -27 65 0.54 1.33 -1.41 2525 -1021 261 -0.02 199
0 -580 444 -0.09 5529 1.19 5420 1 0.57 2.98 0.26 1088 -10 100 0.55 1.64 -1.08 3096 -1017 214 -0.02 199
0 -549 356 -0.35 3831 1.21 5359 1 0.59 3.37 0.35 843 72 -139 0.55 2.27 -0.75 4366 -703 -75 -0.31 0
1 285 -535 -0.24 3380 1.03 8065 1 0.6 3.79 -1.87 4793 970 -753 0.55 2.86 -2.79 7782 458 -971 0.0 199
1 379 -555 -0.21 2594 1.13 7948 1 0.61 4.1 -1.55 4791 1044 -621 0.56 2.9 -2.76 7128 691 -965 0.31 199
1 483 -525 -0.53 1754 0.92 7786 1 0.62 4.42 -1.55 4953 1097 -419 0.56 2.93 -3.04 6435 914 -907 0.31 200
0 -466 302 -0.01 3181 1.65 5461 1 0.59 3.54 0.84 946 203 -59 0.55 2.58 -0.12 4681 -454 -155 0.0 0
0 -396 256 0.02 2631 1.74 5605 1 0.6 3.79 1.08 1049 289 38 0.55 2.86 0.16 4790 -223 -180 0.07 0
0 -336 217 -0.02 2166 1.75 5767 1 0.61 4.1 1.33 1197 329 151 0.56 2.9 0.12 4704 -24 -193 0.31 99
0 -369 188 -0.31 1680 1.52 5924 1 0.62 4.42 1.33 1312 245 294 0.56 2.93 -0.16 4537 62 -194 0.31 98
0 -394 138 -0.63 1189 1.28 6056 1 0.62 4.73 1.33 1419 124 398 0.57 2.86 -0.54 4277 135 -232 0.31 184
0 -175 -555 0.01 4788 1.21 8059 1 0.65 5.79 0.51 2089 -458 37 0.62 3.94 -1.34 2872 464 -595 0.31 199
0 293 -478 -0.73 2998 0.51 8216 1 0.67 0.21 0.26 2618 -162 -95 0.62 4.89 -1.34 3031 725 -90 0.31 199
1 -147 736 0.87 8591 2.28 5504 1 0.68 1.13 -1.45 6337 -701 648 0.63 5.67 3.09 8113 -183 1279 0.31 195
1 -412 553 0.44 8411 1.73 7070 1 0.69 1.36 -1.85 6437 -877 182 0.64 6.04 2.83 8177 -736 1040 0.31 199
1 -507 406 0.21 8153 1.48 7687 1 0.69 1.5 -2.02 6288 -915 -78 0.65 6.06 2.53 8131 -924 853 0.31 199
1 -508 -466 -0.24 4601 1.23 8675 1 0.72 2.57 -1.68 6630 -885 -954 0.68 1.24 -3.0 6359 -1041 -725 -0.05 199
1 -473 -627 -0.5 2796 1.18 8671 1 0.72 3.19 -1.31 8012 -506 -1005 0.69 1.4 -3.11 5897 -932 -1114 0.31 143
1 -389 -651 -0.89 1923 0.97 8662 1 0.72 3.33 -1.48 8613 -323 -953 0.7 1.38 2.84 6074 -811 -1229 0.31 0
1 -330 -553 -1.37 1203 0.74 8726 1 0.72 3.65 -1.48 9163 -237 -789 0.71 1.52 2.67 6585 -693 -1121 0.31 0
1 -280 -470 -2.08 664 0.5 8831 1 0.71 3.87 -1.57 9591 -271 -842 0.71 1.83 2.67 7227 -557 -1073 0.31 19
0 526 -50 -2.15 1440 -0.24 7167 1 0.68 1.13 0.24 2609 -28 -138 0.63 5.67 -1.5 3110 490 493 0.05 199
0 546 95 -2.64 1493 -0.24 6596 1 0.68 1.36 0.42 2500 40 -146 0.64 5.9 -1.33 3102 358 619 -0.03 198
0 568 215 -2.94 1937 -0.17 5926 1 0.69 1.36 0.45 2325 103 -156 0.64 6.04 -1.15 3168 244 702 0.0 199
0 395 340 2.35 5725 -0.6 2066 1 0.72 1.94 0.37 1072 -231 -245 0.67 0.84 -0.73 4819 -183 385 0.31 0
0 335 289 2.03 6245 -0.83 1567 1 0.72 2.25 0.37 1363 -160 -253 0.68 1.15 -0.73 4798 -226 173 0.31 0
0 284 245 1.71 6687 -1.02 1159 1 0.72 2.57 0.37 1606 -93 -243 0.68 1.24 -0.96 4608 -249 -14 -0.31 0
0 99 451 2.01 7972 1.73 216 1 0.72 3.33 1.38 1373 165 149 0.7 1.38 -0.58 3631 -323 -127 0.31 0
1 149 -307 -0.3 8602 1.05 4731 0 0.72 4.68 -1.71 9971 203 -220 0.73 2.51 2.41 8512 362 -157 -0.02 199
1 814 -99 -0.04 3608 2.13 6295 0 0.74 3.37 -2.84 3916 1245 359 0.77 3.47 -2.74 4282 1506 148 0.31 199
1 856 -42 -0.38 2602 1.94 6866 0 0.74 3.09 2.84 2870 1392 338 0.78 3.79 -2.74 5166 1488 201 0.31 180
1 857 45 -0.81 1620 1.74 7453 0 0.75 3.07 2.51 2637 1482 355 0.78 4.03 -2.81 6318 1456 327 0.31 0
1 728 38 -1.44 843 1.51 8018 0 0.76 2.81 1.94 3496 1419 245 0.79 4.29 -2.86 7484 1239 283 0.31 21
1 625 48 1.26 8531 2.14 5705 0 0.76 2.76 1.57 4804 1370 161 0.79 4.61 -2.86 8541 1066 328 0.31 172
1 541 189 1.01 8897 1.84 6372 0 0.77 2.81 1.31 6188 1324 232 0.8 4.92 -2.86 9560 1229 871 0.31 198
1 265 420 0.51 9108 1.31 7368 0 0.78 3.21 1.08 8459 910 431 0.8 5.55 -2.86 11267 605 1083 0.31 199
0 -336 197 0.11 8601 1.15 2018 0 0.72 4.59 0.51 1518 -301 547 0.74 3.11 -0.98 1705 121 247 -0.03 199
0 -490 -209 0.39 7643 1.81 2926 0 0.73 4.0 0.03 3101 -293 270 0.76 3.67 -0.3 2129 183 3 -0.07 199
0 -540 -293 0.53 7112 2.06 3368 0 0.73 3.68 -0.21 3458 -227 201 0.76 3.65 -0.24 2193 165 -39 -0.05 199
0 -748 -497 1.38 4650 2.74 7305 0 0.76 2.76 -0.99 3373 -3 -384 0.79 4.61 0.86 1015 -307 -217 0.31 23
0 -604 -379 1.26 4599 2.46 8127 0 0.77 2.81 -1.26 3052 179 -336 0.8 4.92 0.86 935 84 303 0.31 0
0 -513 -322 1.1 4690 2.17 8808 0 0.78 2.9 -1.48 2682 246 -309 0.8 5.24 0.86 1293 28 332 0.31 0
0 -436 -273 0.9 4849 1.88 9389 0 0.78 3.21 -1.48 2395 209 -262 0.8 5.55 0.86 1688 -96 390 0.31 0
1 95 466 0.26 8960 1.06 7650 0 0.79 3.53 1.08 9186 643 475 0.8 5.86 -2.86 11685 228 1098 0.31 199
1 -729 227 -0.11 4584 1.15 6325 0 0.8 5.71 2.72 8319 -821 596 0.82 0.28 -2.71 7797 -1407 188 -0.03 199
1 -786 224 -0.07 3622 1.33 6107 0 0.8 6.02 3.07 7636 -1028 581 0.83 0.28 -2.67 7083 -1525 144 0.31 199
1 -836 169 -0.41 2621 1.18 5958 0 0.81 6.23 2.97 6925 -1211 480 0.84 0.44 -2.83 6641 -1617 31 0.31 179
1 -849 79 -0.84 1647 1.04 5868 0 0.81 0.12 2.83 6270 -1336 322 0.84 0.38 3.09 6585 -1668 -101 0.31 0
1 -721 67 -1.45 874 0.87 5926 0 0.82 0.16 2.55 5918 -1303 248 0.85 0.68 3.07 6967 -1475 -132 0.31 0
1 -612 56 0.67 6069 2.04 6248 0 0.82 0.37 2.44 5852 -1265 147 0.86 0.87 2.95 7582 -1283 -149 0.31 199
1 -552 -119 0.47 6075 1.75 6894 0 0.83 0.24 2.01 5897 -1271 -83 0.86 1.08 2.84 8144 -1166 -376 0.31 196
1 -448 -269 0.25 5942 1.48 7423 0 0.84 0.14 1.59 6096 -1226 -262 0.87 1.4 2.84 8584 -989 -597 0.31 198
1 -309 -382 0.03 5679 1.22 7811 0 0.84 0.16 1.29 6427 -1128 -399 0.88 1.71 2.84 8859 -752 -779 0.31 199
0 -48 -388 0.24 4906 1.02 10462 1 0.8 4.15 -1.48 1722 347 -383 0.8 0.19 0.84 2466 -262 50 0.31 199
0 397 -251 -0.39 3668 0.33 10105 0 0.8 5.1 -1.36 1603 581 -6 0.81 0.4 0.23 2223 -130 -168 -0.02 199
0 597 -131 -0.34 2322 0.46 9205 0 0.8 5.71 -0.73 1997 505 238 0.82 0.28 0.12 2007 -81 -170 -0.02 199
0 675 -86 -0.36 1523 0.54 8630 0 0.8 6.02 -0.4 2311 433 271 0.83 0.28 0.14 1914 -64 -166 0.0 199
0 742 -49 -0.55 670 0.61 8008 0 0.81 6.23 -0.19 2648 367 262 0.84 0.44 0.3 1802 -39 -187 0.0 199
0 847 10 0.79 6729 2.41 5608 0 0.82 0.16 0.0 3283 265 191 0.85 0.68 0.52 1484 93 -189 -0.07 199
0 889 23 1.0 6155 2.57 6499 0 0.82 0.37 0.28 3564 236 114 0.86 0.87 0.79 1162 218 -182 0.31 0
0 755 19 0.82 5771 2.32 7288 0 0.83 0.24 -0.16 3609 36 55 0.86 1.08 0.68 922 141 -238 -0.21 0
0 641 16 1.15 5538 2.57 7976 0 0.84 0.14 -0.05 3450 -137 23 0.87 1.4 1.2 815 100 -312 0.31 0
0 544 13 0.96 5416 2.28 8569 0 0.84 0.16 -0.35 3127 -275 -4 0.88 1.71 1.2 936 101 -384 0.31 0
1 -9 -552 0.0 5043 -1.07 4141 1 0.01 4.52 -0.17 887 97 -10 0.0 4.35 -0.35 1882 32 -447 0.31 51
1 -118 -488 -0.31 4416 -1.53 3868 1 0.02 4.52 -0.49 867 -131 201 0.0 4.33 -0.68 1852 -42 -294 -0.14 198
1 -144 -700 0.12 1332 -2.23 3727 1 0.05 3.54 -1.31 837 -6 -16 0.03 4.24 -0.61 2057 112 -172 0.31 86
1 -93 -585 3.11 4398 1.2 7895 1 0.06 3.09 -2.39 861 60 -34 0.04 4.56 -0.93 2225 232 -281 -0.31 0
1 -447 -558 -0.3 4355 -2.32 7585 1 0.05 2.78 0.09 1430 -423 12 0.04 4.87 2.18 1335 -197 -132 -0.31 40
1 -361 128 0.34 3714 -1.4 8952 0 0.05 2.13 0.38 2072 -63 155 0.06 4.56 2.81 1174 -260 490 -0.31 186
1 -284 277 0.61 3269 -1.13 9167 0 0.05 1.82 0.38 2372 -318 132 0.06 4.24 2.81 1542 -189 603 -0.31 196
1 -168 388 0.93 2772 -0.87 9235 0 0.05 2.08 0.96 2660 -70 678 0.06 3.93 2.81 1999 -120 116 -0.31 0
1 -142 329 1.26 2350 -0.6 9313 0 0.05 2.06 1.26 3085 22 425 0.06 3.63 2.83 2153 -74 113 -0.31 198
0 0 0 -2.1 5694 -2.87 6784 1 0.0 4.52 -1.75 2000 0 0 0.0 4.34 -1.93 1000 0 0 -2.34 199
0 -190 -246 0.02 5135 -0.81 6329 1 0.02 4.52 0.37 1824 -203 443 0.0 4.33 0.17 816 -114 -52 0.0 47
0 -120 -422 0.0 4635 -0.88 6084 1 0.02 4.28 0.12 1862 -59 317 0.01 4.35 0.19 1014 115 -221 -0.21 198
0 -514 -480 0.95 1722 -0.52 4604 1 0.06 3.23 -0.09 1554 -514 178 0.03 4.24 0.93 820 -242 75 -0.31 113
0 -268 -374 2.68 4600 0.92 8326 1 0.05 2.78 -3.02 1104 -244 196 0.04 4.87 -0.93 2186 -18 52 0.31 60
0 -316 -487 2.26 4836 0.64 8835 0 0.05 2.57 2.74 1205 -153 -94 0.05 5.18 -0.93 2151 -175 15 0.31 0
0 -268 -413 1.84 5133 0.36 9342 0 0.05 2.25 2.11 1131 -22 -211 0.07 4.87 -1.55 2216 -149 13 0.31 165
1 28 360 1.69 2005 -0.33 9206 0 0.06 2.02 1.54 3285 241 289 0.07 3.33 2.84 2177 177 195 -0.31 0
1 23 306 2.14 1741 -0.06 9129 0 0.06 1.75 1.57 3292 234 79 0.07 3.05 2.88 2163 248 157 -0.31 0
1 19 260 2.59 1546 0.22 9075 0 0.06 1.66 1.8 3119 214 -102 0.07 2.74 2.88 2058 366 67 -0.31 21
1 32 213 3.06 1433 0.51 9020 0 0.07 1.76 2.22 2801 226 -239 0.08 2.43 2.88 1881 156 -100 -0.31 63
1 66 144 -2.78 1426 0.81 8934 0 0.08 1.94 2.71 2402 268 -208 0.09 2.18 2.95 1525 268 -413 -0.31 196
1 -251 728 0.21 980 -1.08 10467 0 0.08 1.85 0.7 1910 -32 266 0.09 1.97 0.82 1251 -39 160 -0.31 198
1 -100 745 -0.85 10559 -1.21 7949 0 0.09 1.73 0.89 2049 106 225 0.1 1.69 0.86 1268 87 202 -0.31 198
1 61 718 -0.62 10532 -1.0 8232 0 0.1 1.45 0.93 2207 235 273 0.12 1.4 0.87 1238 211 205 -0.31 199
1 548 170 0.56 8741 0.06 7952 1 0.13 0.03 1.01 2106 168 -249 0.12 0.1 1.08 1129 213 -182 0.07 199
1 570 10 0.46 8137 -0.08 7574 1 0.13 6.0 0.63 1858 84 -299 0.13 6.07 0.7 1131 122 -255 0.07 198
1 597 -118 0.36 7446 -0.22 7090 1 0.14 5.88 0.44 1600 42 -321 0.13 5.78 0.33 1163 68 -260 0.07 198
0 -463 595 -0.01 2665 -1.54 9992 0 0.07 1.76 -0.02 1352 -269 143 0.08 2.43 0.65 900 -339 282 -0.31 191
0 -376 674 0.16 1819 -1.31 10269 0 0.08 1.94 0.47 1657 -174 322 0.09 2.18 0.72 1149 -174 117 -0.31 0
0 56 122 -2.35 1439 1.1 8864 0 0.08 1.85 2.93 2031 275 -340 0.09 1.97 3.05 1080 268 -446 -0.31 40
0 53 72 -1.97 1478 1.41 8799 0 0.09 1.73 3.12 1612 259 -448 0.1 1.69 3.09 825 240 -471 -0.31 71
0 36 -1 -1.65 1520 1.72 8756 0 0.1 1.45 -3.12 1307 210 -446 0.12 1.4 3.11 930 186 -514 0.31 86
0 43 -71 -2.01 1590 1.42 8707 0 0.1 1.2 2.6 1147 165 -513 0.12 1.13 2.53 1394 97 -660 0.31 170
0 104 -185 -2.42 1774 1.13 8591 0 0.12 0.96 2.04 1327 137 -659 0.12 0.91 1.99 2165 83 -772 0.31 191
0 328 -302 3.08 2632 0.59 8027 1 0.12 0.35 0.8 2702 80 -789 0.12 0.42 0.87 3841 132 -694 0.31 199
0 547 -206 2.47 3932 0.06 6983 1 0.13 6.0 -0.45 4036 61 -515 0.13 6.07 -0.38 5146 99 -471 0.31 199
0 614 -94 2.21 4627 -0.21 6313 1 0.14 5.88 -0.89 4386 59 -297 0.13 5.78 -0.99 5441 85 -236 0.31 198
0 639 43 1.96 5297 -0.49 5579 1 0.14 5.65 -1.43 4431 30 -30 0.14 5.57 -1.52 5427 61 34 0.31 196
1 662 -296 0.21 5819 -0.52 5910 1 0.15 5.74 0.17 1244 -1 -272 0.15 5.65 0.09 1353 33 -205 0.07 199
1 698 -354 0.14 4899 -0.71 5286 1 0.16 5.72 0.09 1155 -9 -243 0.16 5.64 0.0 1469 28 -175 0.05 199
1 733 -396 0.08 3918 -0.92 4707 1 0.17 5.71 0.02 1131 -10 -211 0.17 5.55 -0.14 1585 37 -131 -0.31 199
1 690 -257 -0.45 4084 -1.71 5120 1 0.21 5.64 1.2 982 236 105 0.2 5.36 0.93 1903 98 70 -0.31 0
1 586 -218 -0.29 4405 -1.39 5855 1 0.22 5.92 1.8 1050 51 147 0.21 5.1 0.98 1872 63 110 -0.31 0
1 263 -215 0.15 4888 -0.77 6866 1 0.23 5.45 1.95 975 -171 101 0.22 4.59 1.1 1593 -128 96 -0.1 106
1 251 -97 0.2 4939 -0.68 7096 1 0.23 5.15 1.76 915 65 320 0.23 4.45 1.06 1296 -47 297 0.05 199
1 50 -132 0.11 4929 -0.75 7218 1 0.23 4.83 1.4 1048 -110 243 0.23 4.14 0.7 1035 -111 345 -0.02 199
1 -120 -159 0.11 4725 -0.77 7177 0 0.23 4.52 1.1 1150 -248 201 0.23 3.82 0.4 894 -125 353 0.0 199
1 -265 -182 0.09 4357 -0.82 7010 0 0.23 4.21 0.79 1345 -337 189 0.23 3.51 0.09 940 -111 314 0.0 199
1 -493 -215 0.06 3213 -0.96 6439 0 0.23 3.68 0.26 2020 -386 165 0.25 2.97 -0.45 1138 -71 120 0.0 199
0 616 189 1.73 5909 -0.8 4821 1 0.15 5.74 -1.66 4178 -47 213 0.15 5.65 -1.75 5110 -13 280 0.07 197
0 586 318 1.75 6485 -0.91 4051 1 0.16 5.72 -1.75 3658 -121 429 0.16 5.64 -1.83 4527 -84 497 -0.31 0
0 537 354 2.22 7588 -0.7 2702 1 0.18 5.64 -1.48 2171 -265 733 0.17 5.64 -1.48 3148 -147 555 -0.31 0
0 243 -171 2.17 8792 -0.27 1807 1 0.22 5.92 -1.2 1123 -292 194 0.21 5.1 -2.02 2200 -280 157 0.31 0
0 206 -145 1.84 9057 -0.43 1715 1 0.23 5.6 -1.83 1216 -248 165 0.21 4.9 -2.53 2015 -255 221 0.31 0
0 175 -123 1.51 9283 -0.59 1675 1 0.23 5.45 -2.3 1395 -259 193 0.22 4.59 3.12 1910 -216 188 0.31 0
0 148 -104 1.19 9476 -0.78 1670 1 0.23 5.15 -2.91 1514 -38 313 0.23 4.45 2.67 1718 -150 290 0.31 0
0 125 -88 0.87 9640 -0.99 1687 1 0.23 4.83 2.74 1559 -35 287 0.23 4.14 2.04 1418 -36 389 0.31 164
0 2 19 0.56 9639 -1.31 1665 0 0.23 4.52 2.11 1809 -126 379 0.23 3.82 1.41 1135 -3 531 0.31 198
0 -152 86 0.25 9445 -1.74 1669 0 0.23 4.21 1.48 2283 -224 457 0.23 3.51 0.79 1176 2 582 0.31 170
0 -273 89 -0.06 9110 -2.24 1791 0 0.23 3.93 0.89 2858 -281 456 0.24 3.19 0.16 1482 27 520 0.31 180
0 -382 44 -0.38 8657 -2.73 2099 0 0.23 3.68 0.33 3422 -275 424 0.25 2.97 -0.38 1794 40 379 0.31 197
1 -724 -101 0.92 846 -0.7 5391 0 0.24 2.74 -0.05 2925 -240 80 0.27 2.55 -0.24 863 -79 -92 0.31 33
1 -624 114 -1.14 4990 0.22 3513 0 0.24 2.43 -0.68 3100 -85 156 0.27 2.23 -0.87 985 105 185 -0.31 85
1 -598 121 -0.96 4627 0.63 2861 0 0.25 2.13 -0.66 3152 -50 13 0.27 1.95 -0.84 1080 70 57 -0.31 176
1 -626 194 -0.8 4263 1.14 2259 0 0.26 1.99 -0.49 3187 -93 -53 0.27 1.64 -0.84 1181 -481 436 -0.31 198
1 -626 304 -0.66 3889 1.81 1886 0 0.26 1.87 -0.3 3242 -125 -68 0.27 1.62 -0.54 1609 -494 339 -0.31 199
1 -485 527 -0.47 3153 -3.11 2510 1 0.28 1.73 0.19 3330 -66 -50 0.28 1.41 -0.12 2599 -418 240 -0.31 198
1 -354 607 -0.41 2818 -2.67 3249 1 0.29 1.5 0.28 3305 -11 -52 0.28 1.48 0.26 2997 -312 194 -0.31 199
1 -25 646 -0.36 2258 -2.03 4796 1 0.31 1.45 0.86 2979 208 0 0.3 1.43 0.84 3310 -30 45 -0.31 96
1 58 571 -0.35 2134 -1.74 5455 1 0.32 1.27 0.99 2691 187 -187 0.31 1.5 1.22 3261 96 58 -0.31 173
1 196 480 -0.33 2028 -1.48 5999 1 0.32 1.59 1.62 2290 305 -164 0.31 1.45 1.48 3077 217 -39 -0.31 196
0 -662 -222 -0.57 6312 -2.92 4768 0 0.24 2.43 -0.93 4105 -123 -180 0.27 2.23 -1.12 1370 67 -151 -0.31 0
0 -562 -188 -0.33 5787 -2.62 5462 0 0.25 2.13 -0.91 3919 -14 -296 0.27 1.95 -1.08 1053 106 -252 -0.31 22
0 -521 -113 -0.09 5343 -2.32 6063 0 0.26 1.99 -0.73 3652 12 -360 0.27 1.64 -1.08 970 -376 129 -0.31 0
0 -442 -96 0.15 4955 -2.02 6587 0 0.26 1.87 -0.54 3370 59 -468 0.27 1.62 -0.79 1231 -310 -61 -0.31 0
0 -375 -81 0.4 4650 -1.72 7033 0 0.27 1.78 -0.31 3112 87 -563 0.28 1.57 -0.52 1434 -265 -221 -0.31 0
0 -6 337 1.68 3528 -0.59 7614 1 0.31 1.45 0.61 3066 227 -309 0.3 1.43 0.59 2364 -11 -264 -0.3 199
0 406 329 2.88 3907 0.04 6441 1 0.34 1.9 1.85 3033 501 -226 0.32 1.76 1.71 1924 423 -112 -0.31 0
0 345 279 -2.99 4257 0.3 6014 1 0.33 2.22 2.48 3201 484 -270 0.32 2.08 2.34 1832 359 -95 -0.31 0
1 288 257 -0.2 1760 -0.72 6951 0 0.33 2.48 -2.83 1319 -92 659 0.34 2.39 -2.91 2191 299 -60 -0.31 0
1 244 218 -0.08 1921 -0.44 7246 0 0.33 2.69 -2.3 1521 -141 28 0.34 2.71 -2.29 2553 386 446 -0.3 0
1 207 185 0.09 2104 -0.17 7503 0 0.32 3.0 -1.69 1545 -25 11 0.34 3.02 -1.68 3027 362 374 -0.09 0
1 121 -34 0.07 2254 -0.07 7717 0 0.32 3.61 -0.94 1357 147 -103 0.35 3.61 -0.94 3777 349 146 -0.05 192
1 68 -195 0.07 2035 -0.04 7513 0 0.32 3.93 -0.58 1160 210 -134 0.35 3.93 -0.58 3917 305 1 -0.03 198
1 -84 -536 0.06 5994 -0.76 5904 0 0.34 4.68 0.31 867 86 -112 0.37 4.87 0.51 4221 108 -18 -0.05 140
1 -57 -499 0.1 5297 -0.81 5502 0 0.34 4.59 0.28 862 186 116 0.37 5.18 0.87 4201 34 81 -0.05 196
1 -121 -577 0.14 4607 -0.87 5163 0 0.35 4.4 0.14 1029 129 78 0.38 5.5 1.24 4132 -163 36 0.02 196
1 -173 -644 0.11 3822 -1.03 4829 0 0.36 4.56 0.28 1151 67 80 0.38 5.81 1.54 3754 657 -1059 0.02 196
1 -126 -576 0.42 2039 -1.11 4365 1 0.38 3.93 -0.05 800 216 94 0.37 5.79 1.82 2695 201 -729 -0.31 199
1 -253 -575 0.8 1306 -0.97 4323 1 0.38 3.61 -0.05 846 51 1 0.37 5.86 2.2 2390 -122 -639 -0.31 199
0 293 237 -2.61 4580 0.57 5664 0 0.33 2.48 3.05 2769 -87 639 0.34 2.39 2.97 1834 304 -80 -0.31 100
0 302 134 -2.26 4932 0.86 5311 0 0.33 2.69 -2.71 2719 -83 -56 0.34 2.71 -2.69 1528 444 362 -0.31 186
0 313 -35 -1.95 5301 1.18 4941 0 0.32 3.0 -2.08 2951 81 -209 0.34 3.02 -2.06 1539 468 154 -0.31 171
0 -360 -391 -0.54 5811 -2.74 5672 0 0.34 4.68 1.48 4601 -190 33 0.37 4.87 1.68 2905 -168 127 -0.31 199
0 -469 -287 -0.32 5507 -2.42 6318 0 0.34 4.59 1.71 4302 -226 328 0.37 5.18 2.3 2342 -378 293 -0.31 199
0 -540 -150 -0.11 5100 -2.12 6967 0 0.35 4.4 1.83 3726 -290 505 0.38 5.5 2.93 1467 -582 463 -0.31 54
0 -357 -228 0.11 4846 -1.81 7503 0 0.36 4.56 2.3 3098 -117 496 0.38 5.81 -2.72 1066 473 -643 -0.31 0
0 -303 -193 0.34 4770 -1.49 7923 0 0.37 4.24 2.3 2642 -99 422 0.37 5.79 -2.43 1685 258 -469 -0.31 0
0 -257 -164 0.58 4735 -1.17 8280 1 0.38 3.93 2.3 2272 85 506 0.37 5.79 -2.11 2038 70 -317 0.1 0
0 -218 -139 0.41 4726 -1.27 8583 1 0.38 3.61 1.88 1758 86 437 0.37 5.86 -2.15 2194 -87 -203 0.31 0
1 -224 -65 -0.41 4135 -2.36 7962 1 0.37 4.45 1.73 1172 115 279 0.37 5.62 2.9 1055 -436 50 -0.31 43
1 -271 314 0.09 3180 -1.74 8942 0 0.36 5.93 -2.37 2641 -288 512 0.38 5.2 -3.11 1357 -494 476 0.0 198
1 -210 612 0.85 1138 -1.33 9547 0 0.36 0.59 -0.8 5002 -522 610 0.4 4.31 2.91 3367 -341 746 -0.31 100
1 -138 595 -1.09 9687 -1.49 7104 0 0.37 0.91 -0.17 5707 -508 460 0.4 4.0 2.91 4111 -233 726 -0.31 176
1 145 593 -0.6 9636 -1.04 7640 0 0.38 1.54 1.08 6533 -178 192 0.39 3.39 2.93 5338 175 726 -0.31 199
0 -366 -518 -0.36 4881 -1.88 9228 1 0.38 4.17 1.82 978 32 -116 0.37 5.86 -2.78 2276 -554 -430 -0.31 178
0 -369 -11 0.3 4989 -0.95 10617 0 0.37 4.99 -2.71 922 -238 219 0.37 5.72 -1.97 3266 -457 -151 -0.31 198
0 -237 142 0.56 4789 -0.66 10796 0 0.36 5.31 -2.08 1036 -139 357 0.38 5.48 -1.9 3389 -430 144 -0.31 197
0 -82 241 0.86 4497 -0.38 10769 0 0.36 5.62 -1.45 1240 -31 448 0.38 5.2 -1.87 3345 -259 267 -0.31 199
0 81 283 1.21 4174 -0.09 10552 0 0.36 5.93 -0.82 1555 64 481 0.38 5.2 -1.55 3121 -142 445 0.31 197
0 188 361 0.96 3785 -0.43 10193 0 0.36 6.25 -0.82 2023 99 532 0.39 4.94 -2.13 2801 -6 520 -0.31 199
0 310 385 1.41 3432 -0.15 9699 0 0.36 0.28 -0.19 2520 108 494 0.4 4.63 -2.13 2414 146 520 0.31 197
0 382 448 1.28 3121 -0.5 9113 0 0.36 0.59 -0.19 3006 70 446 0.4 4.31 -2.76 2025 251 582 0.31 143
0 380 491 1.2 2902 -0.87 8534 0 0.37 0.91 -0.19 3415 10 356 0.4 4.0 2.9 1851 285 622 0.31 0
0 323 417 1.1 2854 -1.23 8061 0 0.37 1.22 -0.19 3591 -50 143 0.39 3.68 2.27 1951 293 558 0.31 0
0 274 354 0.97 2919 -1.59 7676 0 0.38 1.54 -0.19 3548 -49 -47 0.39 3.39 1.66 2218 304 487 0.31 0
0 232 300 0.8 3045 -1.95 7363 0 0.38 1.85 -0.19 3326 -132 261 0.39 3.14 1.1 2517 525 -50 0.31 183
1 579 -29 0.41 7410 -0.19 6804 0 0.4 2.67 -2.79 5666 820 -355 0.42 1.95 2.78 4810 1003 -404 0.07 199
1 616 -140 0.31 6682 -0.34 6300 0 0.4 2.57 -2.97 5161 962 -510 0.43 1.64 2.39 5007 976 -458 0.07 198
1 728 -421 0.45 3050 -0.78 4109 0 0.43 1.88 2.78 6433 1072 -754 0.44 0.56 1.45 7748 886 -175 -0.31 119
1 655 -453 0.83 2130 -0.69 3746 0 0.44 1.59 2.79 7363 947 -745 0.45 0.24 1.45 8425 625 -287 -0.31 0
1 556 -385 1.28 1367 -0.59 3604 0 0.44 1.29 2.81 8256 798 -652 0.45 0.31 1.83 8824 370 -298 -0.31 0
1 472 -327 1.91 774 -0.46 3619 0 0.44 1.06 2.9 8958 561 -719 0.45 0.3 2.13 9073 232 -203 -0.31 20
1 391 -292 -0.3 3709 -1.52 5549 0 0.44 1.38 -2.76 9593 464 -637 0.46 0.1 2.25 9087 18 -204 -0.31 199
1 11 -362 0.09 3456 -0.99 6216 0 0.43 2.01 -1.5 10066 -191 -733 0.47 0.21 2.98 8113 -565 -366 -0.23 199
1 -159 -330 0.23 3128 -0.83 6305 0 0.42 2.32 -0.96 9971 -330 -645 0.48 0.14 -3.14 7204 -817 -356 -0.05 199
1 -428 -260 0.18 2107 -0.91 6145 0 0.41 2.95 -0.24 9584 -507 -501 0.5 0.02 3.11 4826 -1216 -297 -0.05 200
0 -234 352 0.3 2669 -3.06 7623 0 0.39 2.69 -0.3 3876 -128 59 0.42 2.27 -0.72 2513 265 -90 0.31 199
0 -366 271 0.15 2321 2.87 8083 0 0.4 2.67 -0.63 3865 -125 -55 0.42 1.95 -1.34 2423 58 -104 0.31 199
0 -462 152 0.02 1888 2.54 8645 0 0.4 2.57 -1.05 3680 -116 -218 0.43 1.64 -1.97 2196 -102 -166 0.31 197
0 -512 8 -0.08 1393 2.23 9244 0 0.41 2.46 -1.47 3332 -114 -390 0.44 1.45 -2.48 1633 -228 -427 0.31 0
0 -435 6 -0.07 1062 1.93 9753 0 0.42 2.44 -1.8 2878 28 -436 0.45 1.13 -3.11 1158 -194 -363 0.31 19
0 -360 75 0.03 940 1.61 10185 0 0.42 2.2 -2.36 2501 45 -317 0.45 0.86 2.58 908 -109 406 0.31 0
0 -306 63 0.08 1036 1.3 10551 0 0.43 1.88 -2.98 2232 38 -270 0.44 0.56 1.97 1273 -148 309 0.31 0
0 -260 53 0.0 1202 0.98 10862 0 0.44 1.59 2.69 2007 32 -239 0.45 0.24 1.34 1590 -290 219 0.31 0
0 -35 -37 -0.43 1372 0.35 11163 0 0.44 1.06 1.54 1510 54 -429 0.45 0.3 0.77 2173 -275 87 0.31 199
0 137 -59 -0.82 1220 0.05 10994 0 0.44 1.38 1.54 1147 210 -404 0.46 0.1 0.26 2370 -236 29 0.02 199
1 -533 -221 0.16 1440 -0.97 5968 0 0.41 3.26 0.12 9409 -467 -410 0.51 0.03 -3.11 3563 -1358 -257 -0.31 199
1 -613 267 -0.23 4650 1.58 2024 0 0.42 4.52 2.64 7582 -362 523 0.55 6.02 -2.15 4107 -1212 246 -0.31 0
1 -390 498 0.12 3647 2.99 1892 0 0.43 5.15 -2.39 5734 -297 980 0.56 5.39 -2.15 5876 -822 484 -0.31 199
1 -231 560 0.31 3076 -2.75 2420 0 0.43 5.46 -1.76 4872 -267 1094 0.56 5.1 -2.13 6526 -609 575 -0.23 198
1 205 608 0.25 1073 -2.35 4547 0 0.45 0.07 -0.52 4229 -234 1013 0.55 4.24 -2.64 7553 9 759 -0.31 199
1 337 563 -2.08 5278 -3.02 5207 0 0.46 0.23 -0.05 4632 -202 870 0.55 3.93 -2.64 7583 290 812 -0.31 0
1 286 478 -1.8 5907 -2.64 5748 0 0.47 0.44 0.47 4941 -326 667 0.55 3.61 -2.64 7612 397 767 -0.31 0
1 243 406 -1.51 6445 -2.28 6225 0 0.48 0.42 0.77 5141 -431 497 0.56 3.3 -2.64 7613 505 679 -0.31 156
1 310 263 -1.24 6852 -1.95 6697 0 0.49 0.37 1.03 5213 -421 279 0.56 3.12 -2.5 7426 698 492 -0.31 198
1 357 83 -0.97 7090 -1.66 7111 0 0.5 0.33 1.31 5083 -425 42 0.57 2.98 -2.32 7035 854 250 -0.31 199
0 620 -70 -0.1 8203 -0.61 5939 0 0.41 3.26 -3.07 2930 686 -259 0.51 0.03 -0.02 3669 -205 -106 -0.31 199
0 691 -102 0.23 7386 -0.36 5196 0 0.41 3.58 -2.44 3639 895 -194 0.52 6.21 0.19 3848 -179 -120 -0.21 199
0 782 -208 0.45 5595 -0.4 3552 0 0.41 4.21 -1.66 5558 1038 -102 0.54 6.23 0.37 3777 87 -236 0.05 199
0 823 -238 0.47 4647 -0.64 2734 0 0.42 4.52 -1.4 6602 1074 18 0.55 6.02 0.1 3513 224 -259 0.03 199
0 860 -258 0.54 3692 -1.02 2056 0 0.42 4.83 -1.12 7635 1053 128 0.55 5.71 -0.24 3131 351 -275 0.02 199
0 892 -272 0.72 2783 -1.6 1790 0 0.43 5.15 -0.82 8617 985 210 0.56 5.39 -0.58 2677 460 -286 -0.31 0
0 758 -231 1.31 2154 -1.75 2056 0 0.43 5.46 -0.19 9317 722 303 0.56 5.1 -0.56 2355 380 -216 -0.31 0
0 644 -196 1.99 1834 -1.71 2542 0 0.44 5.76 0.42 9748 466 341 0.55 4.82 -0.52 2109 318 -127 -0.31 0
0 547 -166 2.68 1807 -1.56 3058 0 0.45 6.07 1.05 9936 230 325 0.55 4.52 -0.51 1890 281 -56 -0.31 0
0 464 -141 -3.0 1973 -1.34 3537 0 0.45 0.07 1.64 9915 25 264 0.55 4.24 -0.47 1659 268 10 -0.31 0
0 394 -119 -2.49 2222 -1.08 3963 0 0.46 0.23 2.11 9716 -145 188 0.55 3.93 -0.47 1292 347 130 -0.31 199
0 62 -301 -1.82 2939 -0.62 4255 0 0.48 0.42 2.93 8612 -612 -210 0.56 3.3 -0.47 1074 324 -28 -0.31 199
0 -109 -308 -1.58 3238 -0.39 4139 0 0.49 0.37 -3.09 7718 -840 -292 0.56 3.12 -0.33 1240 279 -79 -0.31 200
0 -262 -261 -1.38 3461 -0.16 3868 0 0.5 0.33 -2.81 6645 -1044 -302 0.57 2.98 -0.16 1457 235 -94 -0.31 199
1 189 -370 -0.21 6785 -0.87 7653 0 0.53 0.42 2.34 3630 -606 -505 0.59 2.83 -1.54 5313 757 -334 -0.31 199
1 -93 -476 0.32 5866 -0.38 7308 0 0.54 6.07 2.34 2921 -666 -572 0.61 2.29 -1.45 3899 548 -647 0.02 198
1 -472 -583 0.12 2832 -0.9 5574 0 0.56 4.82 0.96 5365 -795 -447 0.64 1.05 -2.81 1272 -159 -1102 -0.31 28
1 -427 -379 0.46 2150 -0.69 5200 0 0.56 4.56 1.01 6187 -688 -184 0.64 0.89 -2.65 1992 -216 -887 -0.31 0
1 -362 -322 0.82 1586 -0.48 4924 0 0.55 4.26 1.03 6846 -553 -94 0.65 0.7 -2.53 2871 -298 -850 -0.31 0
1 -307 -273 1.22 1113 -0.25 4731 0 0.56 3.94 1.03 7255 -351 43 0.66 0.44 -2.48 3774 -402 -791 -0.31 0
1 -260 -232 1.68 724 -0.02 4602 0 0.56 3.63 1.03 7418 -148 117 0.66 0.16 -2.44 4629 -464 -692 -0.17 139
1 -411 166 0.2 3521 -1.92 7930 0 0.57 2.9 0.7 7348 86 352 0.66 5.55 -2.93 6149 -616 -58 0.0 199
0 -532 60 -1.22 3705 0.26 2334 0 0.53 0.42 -2.11 3315 -1327 -75 0.59 2.83 0.3 1627 36 96 0.05 199
0 -595 141 -1.47 3796 0.16 1621 0 0.54 0.1 -2.48 2784 -1270 27 0.61 2.6 0.02 1575 28 89 -0.31 199
0 -614 250 -1.35 3928 0.46 840 0 0.54 6.07 -2.48 2823 -1187 154 0.61 2.29 0.02 1536 27 79 -0.31 197
0 -584 370 -1.24 4082 2.06 126 0 0.55 5.76 -2.48 3278 -1071 289 0.62 1.97 0.02 1510 28 69 0.31 0
0 -496 314 -1.71 4331 -3.02 686 0 0.56 5.45 -3.11 3973 -909 246 0.63 1.66 -0.61 1628 40 -111 0.31 0
0 -421 266 -2.14 4614 3.04 1268 0 0.56 5.13 2.55 4690 -780 228 0.63 1.34 -1.24 1838 -3 -261 0.31 17
0 -50 -963 -2.7 5391 2.97 1560 0 0.56 4.56 1.34 5936 -311 -768 0.64 0.89 -2.32 3443 161 -1471 -0.31 196
0 -204 -777 -2.28 6084 -2.5 1945 0 0.55 4.26 1.36 6601 -395 -549 0.65 0.7 -2.2 4857 -140 -1305 -0.31 199
0 -317 -569 -1.92 6784 -2.0 2592 0 0.56 3.94 1.36 7110 -361 -253 0.66 0.44 -2.15 6037 -412 -1087 -0.31 199
0 -378 -352 -1.59 7391 -1.66 3194 0 0.56 3.63 1.36 7399 -266 -3 0.66 0.16 -2.11 6959 -582 -812 -0.31 197
0 -384 -141 -1.3 7849 -1.37 3661 0 0.56 3.37 1.41 7450 -123 192 0.66 6.14 -2.09 7614 -571 -529 -0.31 186
1 -456 482 0.46 1421 -1.78 9297 0 0.6 2.5 0.63 7070 154 438 0.66 4.64 2.78 6379 -648 720 -0.31 171
1 -384 579 1.0 630 -1.54 9715 0 0.61 2.27 0.72 6948 244 413 0.66 4.33 2.78 6254 -484 939 -0.31 199
1 -271 652 -1.3 10054 -1.7 7673 0 0.61 1.95 0.72 6752 327 354 0.66 4.08 2.84 6063 -256 1094 -0.31 96
1 -180 620 -1.06 10337 -1.45 8207 0 0.62 1.64 0.72 6498 341 198 0.67 4.05 3.12 5976 -100 1082 -0.31 190
1 -20 620 -0.81 10483 -1.21 8619 0 0.63 1.38 0.77 6154 390 95 0.68 3.93 -2.97 5858 168 1132 -0.31 199
1 293 486 -0.31 10314 -0.73 8999 0 0.63 1.59 1.61 7131 0 463 0.67 4.15 -2.11 6539 -577 -25 -0.31 199
1 553 -93 0.35 8423 -0.17 7967 0 0.64 2.36 -3.09 5202 609 -537 0.66 3.93 -1.52 5952 475 32 0.07 198
0 -127 324 -0.56 8163 -0.76 4116 0 0.58 2.78 1.69 6212 453 419 0.65 5.27 -2.09 7981 -359 226 -0.05 199
0 -20 421 -0.56 7947 -0.82 4008 0 0.59 2.67 1.64 5401 622 426 0.65 4.96 -2.36 7516 -259 502 -0.07 198
0 176 552 -0.54 7183 -0.98 3642 0 0.61 2.27 1.4 3585 804 386 0.66 4.33 -2.83 5751 76 912 -0.21 199
0 80 330 0.28 5341 -0.63 3544 0 0.63 1.33 1.61 1451 -267 483 0.68 4.0 -2.01 979 -1050 -442 -0.31 0
0 68 280 0.53 5272 -0.39 3765 0 0.63 1.59 2.18 1846 -225 257 0.67 4.15 -1.54 1920 -802 -231 -0.31 0
0 57 238 0.79 5231 -0.13 3965 0 0.63 1.64 2.55 2041 -181 78 0.66 4.01 -1.36 2564 -573 -65 -0.31 0
0 48 202 1.05 5208 0.15 4144 0 0.63 1.73 2.95 2072 -132 -70 0.66 3.91 -1.15 2942 -365 64 -0.14 197
0 111 -158 1.15 4963 0.19 3881 0 0.64 2.36 -2.64 1231 167 -602 0.66 3.93 -1.06 3091 33 -33 -0.05 191
0 110 -424 1.61 4634 0.51 2995 0 0.65 2.44 -2.27 1658 291 -904 0.66 3.56 -1.15 2642 327 -183 -0.31 181
0 46 -503 2.05 4640 0.93 2465 0 0.66 2.76 -1.64 2721 357 -974 0.67 3.75 -0.65 2407 368 -200 -0.31 0
1 484 -111 0.44 5384 -0.34 5740 1 0.68 2.9 -2.41 1686 60 1223 0.67 3.82 -1.48 2867 888 252 0.21 0
1 411 -94 0.19 4914 -0.63 5528 1 0.69 2.84 -2.67 2628 1021 564 0.68 3.79 -1.73 3174 83 740 0.0 0
1 349 -79 0.16 4520 -0.7 5377 1 0.7 3.16 -2.36 3471 892 480 0.68 3.47 -2.04 3909 231 685 0.0 0
1 372 -176 0.12 3716 -0.83 5068 1 0.71 2.88 -2.62 5072 769 226 0.69 3.02 -2.48 5014 496 367 0.0 199
1 436 -269 0.1 3118 -0.94 4804 1 0.72 2.72 -2.78 5753 773 72 0.69 2.86 -2.64 5311 704 145 0.0 199
1 445 -548 0.93 829 -0.81 3987 0 0.71 3.3 -1.57 7751 849 -599 0.71 2.43 -2.44 6099 970 -536 -0.31 198
1 221 -689 -0.62 3493 -1.71 6173 0 0.7 3.93 -0.31 8840 526 -711 0.72 2.08 -2.16 6804 750 -892 -0.31 199
1 67 -706 -0.55 3275 -1.49 6745 0 0.7 4.24 0.31 9204 335 -706 0.73 2.04 -1.88 7200 593 -1030 -0.31 199
1 -94 -677 -0.48 3071 -1.27 7209 0 0.69 4.56 0.94 9405 143 -620 0.74 2.11 -1.5 7169 16 -1205 -0.31 199
1 -377 -485 -0.35 2673 -0.83 7745 0 0.69 5.18 2.2 9113 -281 -242 0.75 2.74 -0.24 7688 -34 -1029 -0.31 199
1 -472 -335 -0.29 2458 -0.6 7795 0 0.69 5.5 2.83 8540 -499 -19 0.76 3.05 0.38 8090 -17 -812 -0.31 186
0 39 -427 2.47 4704 1.36 2042 1 0.68 2.9 -1.19 2388 -385 907 0.67 3.82 -0.26 2079 443 -64 -0.31 0
0 -133 -359 -3.03 5107 2.41 1630 1 0.7 3.16 -0.3 1595 410 200 0.68 3.47 0.02 1692 -251 405 -0.31 200
0 -283 -304 -2.68 5562 2.97 1847 1 0.71 2.98 -0.16 1495 184 170 0.69 3.23 0.09 1859 -283 354 -0.31 199
0 -401 -204 -2.37 6092 -2.86 2295 1 0.71 2.88 0.05 1292 -4 198 0.69 3.02 0.19 2143 -277 339 -0.31 199
0 -379 -96 -1.78 7094 -2.17 3319 1 0.72 2.67 0.47 950 182 -167 0.7 2.71 0.51 2485 3 184 -0.31 0
0 -322 -81 -1.47 7480 -1.83 3702 1 0.71 2.98 1.1 1195 154 -141 0.7 2.57 0.68 2342 145 64 -0.31 0
0 -273 -68 -1.17 7808 -1.5 4029 0 0.71 3.3 1.73 1402 131 -119 0.71 2.43 0.86 2040 252 -56 -0.31 0
0 -232 -57 -0.86 8086 -1.17 4306 0 0.7 3.61 2.36 1578 111 -100 0.72 2.39 1.13 1666 294 -122 -0.31 0
0 -197 -48 -0.55 8322 -0.85 4542 0 0.7 3.93 2.98 1726 108 -70 0.72 2.08 1.13 1214 332 -251 -0.31 0
0 -167 -40 -0.24 8522 -0.53 4743 0 0.7 4.24 -2.67 1843 101 -40 0.73 2.04 1.41 806 359 -364 -0.21 51
0 -183 -46 -0.03 8741 -0.31 4962 0 0.69 4.56 -2.15 1880 54 11 0.74 2.11 1.69 1232 -73 -574 0.31 0
0 -155 -39 -0.35 8927 -0.62 5148 0 0.69 4.87 -2.15 1822 30 108 0.74 2.43 1.69 1776 66 -600 0.31 0
0 -131 -33 -0.67 9086 -0.93 5307 0 0.69 5.18 -2.15 1640 -35 210 0.75 2.74 1.69 2338 212 -577 0.31 0
1 -462 172 -0.14 1691 0.13 7118 0 0.7 0.16 -1.57 5586 -881 420 0.78 3.0 1.27 8437 -109 -114 -0.31 198
1 -234 418 -0.22 1071 0.68 6109 0 0.71 0.79 -0.31 3725 -717 478 0.78 2.37 1.27 8197 21 212 -0.31 199
1 -78 475 -0.45 817 1.0 5542 0 0.71 1.1 0.31 3238 -531 443 0.77 2.06 1.27 8130 138 300 -0.31 140
1 39 457 -0.83 773 1.35 5028 0 0.72 1.41 0.94 3014 -360 340 0.77 1.75 1.27 8181 226 288 -0.31 0
1 33 388 -0.97 999 1.69 4597 0 0.72 1.73 1.57 2850 -291 198 0.77 1.43 1.27 8249 188 224 -0.31 0
1 28 329 -0.88 1292 2.04 4235 0 0.72 2.04 2.2 2735 -220 115 0.77 1.15 1.31 8318 132 131 -0.31 0
1 23 279 -0.69 1573 2.39 3933 0 0.72 2.36 2.83 2656 -112 22 0.77 0.91 1.38 8353 45 26 -0.31 190
1 189 -207 -0.14 1288 -2.83 4316 0 0.72 3.3 -1.57 2875 377 -375 0.77 0.09 1.5 8773 -191 -511 -0.31 198
1 36 -443 -2.25 5239 -0.97 3710 0 0.73 3.7 -0.54 3756 438 -435 0.78 5.83 1.59 8815 -532 -556 -0.31 0
1 30 -376 -1.96 5660 -0.77 3714 0 0.74 3.39 -0.54 4296 432 -354 0.79 6.04 2.11 8707 -617 -429 -0.31 0
0 441 618 -1.42 5575 -2.27 3701 0 0.72 1.73 0.31 3813 117 428 0.77 1.43 0.02 5847 596 454 0.31 0
0 374 525 -1.85 5174 -2.78 3952 0 0.72 2.04 0.31 4198 126 311 0.77 1.15 -0.58 6293 478 327 0.31 0
0 317 446 -2.28 4902 3.05 4260 0 0.72 2.36 0.31 4457 182 189 0.77 0.91 -1.13 6641 339 193 0.31 107
0 204 444 -2.72 4827 2.65 4674 0 0.72 2.67 0.31 4712 174 183 0.77 0.7 -1.66 6728 94 122 0.31 149
0 60 436 -3.13 4966 2.29 5149 0 0.72 2.98 0.31 4972 84 207 0.77 0.4 -2.27 6491 -189 96 0.31 157
0 -81 392 2.77 5271 1.98 5620 0 0.72 3.3 0.31 5260 107 224 0.77 0.09 -2.9 5938 -461 88 0.31 139
0 -186 315 2.42 5652 1.68 6035 0 0.72 3.47 0.17 5547 117 221 0.78 6.06 2.76 5136 -674 95 0.31 108
0 -240 226 2.09 6034 1.4 6369 0 0.73 3.7 0.09 5866 162 234 0.78 5.83 2.22 4176 -808 113 0.31 107
0 -268 128 1.78 6381 1.12 6612 0 0.74 3.39 -0.54 6082 134 150 0.79 6.04 2.11 3096 -915 75 0.31 136
1 25 -319 -1.67 6020 -0.56 3758 0 0.74 3.07 -0.54 4827 409 -304 0.8 0.07 2.74 8589 -686 -373 -0.31 88
1 -52 -282 -1.38 6310 -0.33 3741 0 0.74 2.76 -0.54 5406 432 -332 0.81 0.16 -3.14 8500 -759 -345 -0.31 186
1 -200 -215 -1.11 6475 -0.1 3565 0 0.75 2.44 -0.54 5894 332 -358 0.81 0.45 -2.53 8961 -654 -879 -0.31 199
1 -376 317 -0.13 5696 1.17 1730 0 0.77 1.29 -0.44 6530 -66 -119 0.81 5.52 -2.5 9993 -1048 148 -0.31 198
1 -293 437 0.12 5184 1.8 1336 0 0.77 1.01 -0.4 6448 -99 -43 0.82 5.2 -2.5 9746 -944 442 -0.3 198
1 -174 524 0.36 4581 2.59 1332 0 0.77 0.7 -0.42 6357 -42 89 0.82 4.9 -2.5 9292 -759 695 0.02 196
1 1 666 0.24 3113 3.1 2432 0 0.76 0.07 -1.1 6125 19 336 0.83 4.59 -2.86 7830 -391 1102 0.02 197
1 63 723 0.19 2261 -3.11 3248 0 0.76 6.04 -1.43 6006 38 453 0.84 4.5 -2.97 6936 -236 1260 -0.31 0
0 -280 6 1.49 6665 0.86 6737 0 0.74 3.07 -1.17 6145 104 21 0.8 0.07 2.11 1963 -991 -48 -0.31 100
0 -298 -54 1.84 6935 1.22 6818 0 0.74 2.76 -1.17 6104 186 -104 0.81 0.16 2.51 960 -1005 -117 0.02 37
0 -223 -99 1.86 7127 1.25 6848 0 0.75 2.44 -1.5 5995 309 -242 0.81 0.45 2.79 1365 -677 -763 0.31 0
0 -189 -84 1.57 7281 0.97 6868 0 0.76 2.13 -2.13 5842 337 -323 0.81 0.14 2.16 2393 -743 -672 0.31 0
0 -160 -71 1.28 7415 0.68 6890 0 0.76 1.85 -2.72 5672 317 -377 0.81 6.14 1.57 3403 -742 -555 0.31 0
0 94 -287 0.42 7252 -0.19 6398 0 0.77 1.01 1.78 4944 288 -767 0.82 5.2 -0.31 5931 -557 -282 0.31 0
0 79 -243 0.14 7070 -0.49 6109 0 0.77 0.7 1.15 4836 211 -678 0.82 4.9 -0.93 6435 -506 -72 0.31 199
0 235 -229 -0.15 6725 -0.82 5730 0 0.76 0.38 0.52 4996 307 -614 0.83 4.64 -1.5 6602 -251 86 0.31 46
0 239 -187 -0.44 6394 -1.15 5389 0 0.76 0.07 -0.1 5222 257 -517 0.83 4.59 -1.87 6577 -153 249 0.31 185
0 342 -83 -0.76 5980 -1.52 5090 0 0.76 6.04 -0.73 5585 317 -353 0.84 4.5 -2.27 6246 43 454 0.31 198
1 724 76 -0.25 7556 -0.79 3549 1 0.04 6.18 -0.56 1144 -98 -82 0.02 0.02 -0.44 2612 221 74 -0.09 199
1 819 158 -0.11 5653 -1.11 2105 1 0.06 6.2 -0.4 1118 -77 70 0.03 6.25 -0.35 2830 178 162 -0.05 199
1 792 77 -0.19 1714 -3.03 3184 1 0.09 5.59 -1.27 990 104 -81 0.06 0.02 -0.56 2954 -37 76 -0.31 199
1 881 83 -2.63 5016 -1.89 5376 1 0.1 5.01 -1.22 1052 369 19 0.08 6.04 -0.19 3195 201 80 -0.31 0
1 748 70 -2.37 5850 -1.71 5826 1 0.1 4.78 -1.13 1146 307 120 0.08 5.72 -0.19 3386 170 68 -0.31 0
1 635 59 -2.09 6568 -1.5 6281 1 0.09 4.5 -1.1 1284 278 184 0.09 5.41 -0.19 3547 142 59 -0.31 0
0 0 0 0.19 11430 -0.08 7233 0 0.0 0.09 0.11 999 0 0 0.0 0 0.02 2000 0 0 -0.19 199
0 310 -49 0.02 10863 -0.38 7655 1 0.01 0.09 0.19 2001 -326 -105 0.0 0.0 0.1 908 101 -49 -0.03 199
0 535 -72 0.03 9715 -0.44 6584 1 0.03 0.09 0.19 2006 -234 -281 0.01 0.0 0.1 859 119 -72 0.03 199
0 827 -309 1.07 3287 -0.91 2473 1 0.09 5.59 0.28 2055 139 -467 0.06 0.02 0.99 1238 -2 -310 -0.31 199
0 749 -425 1.62 2526 -1.01 2484 1 0.1 5.27 0.28 2179 161 -553 0.07 0.05 1.34 1397 -49 -430 -0.31 0
0 636 -361 2.25 2059 -1.0 2798 1 0.1 5.01 0.33 2405 124 -425 0.08 6.04 1.36 1645 -44 -364 -0.31 0
0 540 -306 2.93 1893 -0.89 3225 1 0.1 4.78 0.42 2565 99 -256 0.08 5.72 1.36 1907 -38 -308 -0.31 112
0 400 -335 -2.74 2069 -0.72 3579 1 0.09 4.5 0.45 2740 43 -210 0.09 5.41 1.36 2197 -93 -335 -0.31 182
1 539 50 -1.8 7183 -1.25 6709 0 0.09 4.28 -1.01 1517 304 301 0.09 5.11 -0.17 3671 110 73 -0.31 3
1 458 40 -1.5 7708 -1.0 7096 0 0.09 3.96 -1.01 1951 375 377 0.11 4.83 -0.14 3777 92 75 -0.31 152
1 382 -102 -1.22 8099 -0.74 7320 0 0.1 3.65 -1.01 2536 460 267 0.1 4.54 -0.12 3881 88 27 -0.31 198
1 -42 -380 -0.42 8233 0.05 6890 0 0.11 3.04 -0.68 4048 308 40 0.11 3.6 -0.12 4367 218 -192 -0.31 199
1 -338 -303 0.11 7518 0.63 5921 1 0.12 2.86 -0.23 4590 218 -75 0.12 3.39 0.3 4768 124 -115 -0.23 199
1 -450 -209 0.31 6977 0.87 5343 1 0.13 2.79 -0.07 4720 116 -50 0.12 3.49 0.63 4793 19 -22 0.03 199
1 -703 -38 0.16 4759 1.05 3481 1 0.15 3.37 0.4 4411 -247 13 0.14 3.93 0.96 3816 -409 210 0.03 199
1 -818 -36 -0.22 2898 1.26 2650 0 0.14 4.0 0.68 3752 -354 123 0.15 4.28 0.96 2496 -601 193 0.31 180
1 -830 -102 -0.62 1935 1.32 2581 0 0.14 4.31 0.68 3274 -428 52 0.15 4.59 0.96 1781 -641 134 0.31 0
1 -705 -86 -1.12 1146 1.31 2807 0 0.14 4.63 0.68 2908 -357 121 0.15 4.9 0.96 1243 -553 156 0.31 0
0 211 -371 -2.28 2452 -0.53 3773 0 0.09 4.28 0.54 2875 -24 -120 0.09 5.11 1.38 2490 -218 -348 -0.31 199
0 -337 371 -0.73 3761 1.58 1440 1 0.12 2.86 1.33 1504 219 599 0.12 3.39 1.85 1737 125 559 -0.31 0
0 -286 315 -0.55 3761 2.21 1151 1 0.13 2.79 1.57 1311 280 474 0.12 3.49 2.27 1234 183 502 -0.31 0
0 -243 267 -0.35 3814 2.9 1040 1 0.13 2.74 1.83 1216 389 338 0.13 3.46 2.55 890 196 439 -0.31 123
0 -359 268 -0.14 3973 -2.63 1051 1 0.14 3.05 2.46 1416 178 328 0.13 3.74 3.14 985 -74 500 -0.31 0
1 -599 -73 1.2 3164 -0.75 6832 0 0.14 4.94 0.68 2659 -342 266 0.15 5.22 0.96 1043 -552 281 0.31 179
1 -530 -211 1.07 3465 -1.07 6161 0 0.14 5.25 0.68 2400 -381 192 0.16 5.53 0.96 1182 -577 172 0.31 195
1 55 -494 0.46 3670 -2.67 4869 0 0.14 0.23 0.68 1231 -365 -197 0.17 0.23 0.68 2268 -231 -281 0.31 199
1 215 -443 0.3 3460 -3.09 5139 0 0.15 0.54 0.68 965 -287 -279 0.17 0.54 0.68 2273 458 203 0.31 185
1 252 141 -0.3 2471 2.33 6294 1 0.16 0.68 0.0 1084 -107 244 0.16 0.89 0.21 2040 291 878 -0.31 199
1 372 181 -0.01 1985 2.69 6707 1 0.16 0.99 0.63 1215 -26 127 0.15 1.2 0.84 2463 345 648 0.31 199
1 473 363 -1.04 773 2.17 7767 1 0.17 1.05 0.05 1267 484 163 0.15 1.34 0.35 3307 375 395 0.31 19
1 406 324 1.9 8261 1.45 5914 1 0.17 1.33 0.02 1343 383 25 0.15 1.38 0.07 3532 291 185 0.31 0
1 345 275 1.62 8692 1.21 6186 1 0.17 1.47 -0.16 1393 314 -92 0.15 1.69 0.07 3553 268 -11 0.31 64
1 273 284 1.34 9050 0.96 6403 1 0.18 1.68 -0.26 1485 255 -101 0.16 1.64 -0.3 3462 220 -124 0.31 181
0 275 -295 1.79 3487 -1.06 1402 0 0.14 4.94 -0.05 3988 532 44 0.15 5.22 0.23 2606 322 59 -0.26 171
0 103 -690 2.89 4868 -2.08 2462 0 0.14 6.2 1.71 3984 -197 -295 0.16 0.19 1.99 1731 -143 -417 -0.31 0
0 87 -586 -3.0 5450 -1.91 3035 0 0.14 0.23 2.34 3475 -333 -289 0.17 0.23 2.34 1245 -199 -373 -0.31 6
0 128 -447 -2.64 5957 -1.68 3556 0 0.15 0.54 2.97 2853 -374 -283 0.17 0.54 2.97 840 371 199 -0.31 0
0 108 -379 -2.28 6339 -1.41 3999 0 0.15 0.7 -2.84 2204 -543 -238 0.16 0.56 -2.98 1054 170 79 -0.31 0
0 91 -322 -1.93 6671 -1.12 4379 0 0.16 0.89 -2.34 1760 43 -240 0.16 0.8 -2.43 809 -552 -109 -0.31 76
0 142 -210 -1.58 6870 -0.8 4678 1 0.16 0.68 -2.23 1477 -217 -107 0.16 0.89 -2.02 1407 181 527 -0.31 0
0 144 -157 -0.91 7193 -0.17 5149 1 0.17 1.06 -1.22 833 186 -344 0.15 1.29 -0.99 1856 74 76 0.05 0
0 122 -133 -0.94 7321 -0.21 5358 1 0.17 1.05 -1.29 1122 133 -333 0.15 1.34 -0.99 1770 24 -101 -0.3 0
0 103 -113 -0.62 7433 0.09 5536 1 0.17 1.33 -0.72 1492 80 -412 0.15 1.38 -0.66 1520 -12 -252 -0.1 0
0 87 -96 -0.5 7531 0.2 5686 1 0.17 1.47 -0.47 1950 56 -463 0.15 1.69 -0.24 1210 10 -382 0.31 198
0 -32 50 -0.82 7477 -0.11 5615 1 0.18 1.68 -0.58 2252 -50 -335 0.16 1.64 -0.61 916 -85 -358 0.31 45
1 -27 399 0.8 9334 0.47 6371 1 0.19 2.3 -0.26 1617 111 -91 0.17 1.41 -1.15 3403 154 -95 0.31 199
1 -503 69 -0.27 8061 -0.58 4646 1 0.2 3.56 -0.26 1692 77 -179 0.17 0.28 2.74 2480 -510 -258 0.09 198
1 -549 -60 -0.33 7443 -0.66 3996 1 0.2 3.87 -0.03 1767 70 -157 0.17 6.25 2.34 2221 -597 -336 -0.05 198
1 -678 -306 -0.15 5055 -0.87 1780 1 0.22 4.21 0.44 1749 -59 -3 0.17 5.38 1.61 4004 -975 -269 -0.05 199
1 -718 -353 -0.09 4114 -1.34 1222 1 0.23 4.52 0.8 1546 -187 -70 0.17 5.1 1.38 5136 -1019 -200 -0.31 199
1 -774 -344 0.24 3119 -1.85 1250 1 0.23 4.54 1.13 1204 -313 -49 0.17 4.83 1.43 6334 -1040 -130 -0.31 120
0 95 193 -1.14 7273 -0.41 5447 1 0.19 1.99 -0.58 2538 124 -235 0.16 1.68 -0.89 1039 331 -249 0.31 199
0 -83 208 -1.47 7044 -0.71 5188 1 0.19 2.3 -0.58 2865 55 -282 0.17 1.41 -1.47 1207 98 -286 0.19 199
0 -373 178 -1.74 6777 -0.95 4437 1 0.19 2.93 -0.1 3530 17 -283 0.17 0.91 -2.13 1153 -285 -232 -0.02 199
0 -660 178 -1.96 7063 -1.33 3239 1 0.2 3.87 0.93 3736 -41 81 0.17 6.25 -2.98 1957 -708 -98 0.0 199
0 -785 186 -2.2 7867 -1.92 3227 1 0.22 4.1 1.13 2966 -152 368 0.17 5.64 2.67 3858 -1040 108 0.09 199
0 -836 173 -2.38 8474 -2.27 3667 1 0.22 4.21 1.15 2355 -217 476 0.17 5.38 2.32 5076 -1133 210 0.09 200
0 -880 145 -2.56 9213 -2.55 4362 1 0.23 4.52 1.38 1774 -349 428 0.17 5.1 1.95 6393 -1181 298 -0.31 0
0 -692 -7 2.92 12119 2.8 7399 1 0.25 5.2 1.43 1077 -223 151 0.17 3.94 0.17 10756 -807 207 0.31 0
0 -588 -5 2.58 12762 2.46 8067 1 0.25 5.52 1.43 1405 -294 230 0.17 3.63 -0.45 11422 -549 250 0.31 0
1 -357 -449 -2.29 4476 -1.35 5581 1 0.25 5.74 2.65 1137 -111 -385 0.17 3.33 0.24 9742 -182 -206 -0.31 0
1 -303 -381 -1.96 5047 -1.11 5981 1 0.25 6.06 -3.0 1435 -260 -289 0.17 3.02 0.24 9866 -104 -181 -0.31 0
1 -257 -323 -1.64 5532 -0.85 6341 1 0.25 0.09 -2.37 1799 -389 -260 0.17 2.71 0.24 9932 -50 -171 -0.31 141
1 -284 -173 -1.35 5910 -0.59 6541 1 0.26 0.4 -1.75 2250 -552 -185 0.17 2.41 0.26 9941 0 -141 -0.31 197
1 -232 182 -0.81 6195 -0.06 6345 1 0.27 0.96 -0.56 3379 -632 -59 0.17 1.78 0.26 9960 -2 135 -0.31 13
1 -92 111 -0.55 6258 0.22 6196 1 0.27 1.1 -0.1 4060 -494 -217 0.17 1.48 0.28 9968 93 -49 -0.31 0
1 -78 94 -0.25 6264 0.51 6101 1 0.28 1.38 0.49 4702 -445 -315 0.17 1.19 0.3 9936 35 -151 -0.31 0
1 -66 79 0.04 6272 0.81 6022 1 0.28 1.69 1.12 5287 -369 -337 0.17 0.98 0.4 9919 24 -137 -0.05 0
1 -56 67 0.08 6281 0.85 5956 1 0.3 2.01 1.48 5807 -275 -368 0.17 0.68 0.16 10028 -75 -194 0.0 199
1 99 142 0.06 6091 0.87 5770 1 0.3 2.32 1.8 6045 29 -352 0.17 0.37 -0.16 9988 45 -94 0.0 199
1 231 205 0.06 5731 0.91 5488 1 0.3 2.64 2.11 6013 319 -297 0.17 0.09 -0.44 9824 141 1 0.0 199
1 343 259 0.05 5226 0.98 5142 1 0.3 2.95 2.43 5743 584 -200 0.17 6.14 -0.66 9580 198 95 0.0 199
0 -499 -4 2.25 13311 2.13 8637 1 0.25 5.74 1.34 1720 -253 60 0.17 3.33 -1.06 11829 -324 239 0.31 0
0 -307 -162 1.61 14184 1.5 9519 1 0.25 0.09 1.34 2682 -439 -99 0.17 2.71 -2.32 12232 -100 -10 0.31 185
0 -168 -262 1.31 14479 1.21 9789 1 0.26 0.4 1.34 3198 -436 -274 0.17 2.41 -2.93 12067 116 -230 0.31 197
0 156 -323 0.74 14610 0.66 9849 1 0.27 0.96 1.27 4137 -244 -564 0.17 1.78 2.09 11258 386 -370 0.31 149
0 -747 159 0.45 14462 0.39 9673 1 0.27 1.1 1.1 4562 -1149 -169 0.17 1.48 1.48 10729 -562 -1 0.31 199
0 72 351 -0.42 14747 -0.53 10086 1 0.3 2.32 1.55 6693 2 -143 0.17 0.37 -0.4 11412 18 115 0.07 198
0 319 553 -0.67 13388 -0.85 8937 1 0.31 3.26 2.34 5113 692 184 0.17 5.9 -1.31 11085 133 439 0.03 198
0 368 609 -0.75 12803 -0.96 8478 1 0.31 3.58 2.62 4060 831 364 0.17 5.65 -1.59 11012 138 565 0.0 198
0 409 657 -0.81 12190 -1.06 8036 1 0.32 3.89 2.93 2836 895 535 0.17 5.34 -1.9 10948 189 654 -0.31 199
1 585 537 -0.8 1254 1.21 3971 1 0.32 4.42 -3.04 3714 -715 -377 0.17 4.82 -2.64 7726 378 742 0.31 68
1 501 507 1.1 4071 -1.16 8303 1 0.3 4.29 2.81 3732 -556 -165 0.17 4.5 3.02 7565 334 719 0.31 151
1 397 557 0.98 4197 -1.53 7665 1 0.29 4.0 2.2 3546 -390 115 0.17 4.19 2.39 7607 277 774 0.31 190
1 253 614 0.85 4290 -1.93 7215 1 0.29 3.8 1.69 3140 -282 344 0.17 3.87 1.76 7896 183 826 0.31 198
1 87 634 0.71 4322 -2.35 7018 1 0.28 3.63 1.2 2599 -218 486 0.17 3.56 1.13 8405 67 831 0.31 199
1 -82 606 0.56 4279 -2.77 7097 1 0.28 3.51 0.77 2101 -270 507 0.17 3.26 0.52 8995 22 787 0.31 199
1 -494 -74 -0.3 2787 1.8 9659 1 0.3 3.68 -0.63 1725 -42 178 0.17 1.85 -2.46 10871 -271 -129 0.1 194
1 -468 -225 -0.29 2242 1.73 10163 1 0.3 3.65 -0.77 1665 65 71 0.17 1.54 -2.88 10845 -280 -314 0.07 195
1 -435 -357 -0.24 1619 1.71 10625 1 0.31 3.63 -0.86 1470 163 -27 0.17 1.24 3.04 10704 -310 -532 0.1 196
1 -390 -472 -0.18 929 1.66 11049 1 0.32 3.6 -0.99 1280 135 -184 0.17 0.96 2.65 10523 -359 -729 0.31 199
0 232 450 -0.29 11122 -0.63 7386 1 0.32 4.42 -2.2 1546 -1068 -464 0.17 4.82 -1.8 11093 25 655 -0.31 0
0 197 382 -0.01 10879 -0.38 7314 1 0.3 4.29 -2.01 2606 -860 -290 0.17 4.5 -1.8 11352 30 594 -0.31 0
0 167 324 0.27 10687 -0.13 7279 1 0.29 4.0 -1.99 3333 -620 -118 0.17 4.19 -1.8 11599 47 541 -0.31 0
0 141 275 0.55 10535 0.14 7270 1 0.29 3.8 -1.87 3766 -394 5 0.17 3.87 -1.8 11818 71 487 -0.02 199
0 445 -77 0.6 9287 0.1 6236 1 0.28 3.63 -1.97 3219 436 -81 0.17 2.98 -2.62 10940 639 59 -0.31 0
0 378 -65 0.92 8838 0.38 5825 1 0.28 3.63 -1.66 2673 521 10 0.17 2.69 -2.6 10374 637 4 -0.31 0
0 321 -55 1.23 8456 0.66 5481 1 0.29 3.65 -1.33 2038 591 90 0.17 2.44 -2.53 9849 582 -31 -0.31 0
0 175 -186 1.89 7912 1.27 4895 1 0.3 3.68 -0.66 1011 627 66 0.17 1.85 -2.5 8834 398 -241 -0.31 198
0 42 -291 2.25 7855 1.64 4651 1 0.3 3.65 -0.38 1161 575 5 0.17 1.54 -2.5 8322 230 -380 -0.31 199
0 -106 -341 2.61 7989 2.04 4540 1 0.31 3.63 -0.09 1546 492 -11 0.17 1.24 -2.48 7872 19 -516 -0.31 199
0 -384 -277 -2.96 8802 2.87 4932 1 0.32 3.56 0.47 2014 210 34 0.17 0.65 -2.44 7617 -391 -521 -0.31 0
1 -504 -641 1.15 11903 0.85 7990 1 0.34 3.49 -1.73 1047 -146 -440 0.17 0.33 1.4 10374 -550 -862 0.31 184
1 -313 -652 0.89 12356 0.64 8231 1 0.33 3.8 -1.73 1460 -9 -482 0.17 0.02 0.77 10474 -394 -840 0.31 199
1 -112 -626 0.64 12612 0.42 8314 1 0.33 4.12 -1.73 1877 146 -482 0.17 6.02 0.17 10568 -276 -760 0.31 199
1 73 -552 0.37 12673 0.18 8240 1 0.33 4.43 -1.73 2255 298 -410 0.17 5.72 -0.44 10637 -164 -604 0.31 199
1 417 -131 -0.38 11863 -0.53 7217 1 0.32 5.38 -1.64 2679 430 189 0.17 4.83 -2.18 10206 205 -5 -0.05 199
1 486 -3 -0.31 11331 -0.46 6659 1 0.32 5.69 -1.27 2555 362 361 0.17 4.52 -2.44 9851 314 145 -0.05 199
1 550 98 -0.24 10687 -0.4 6003 1 0.33 6.0 -0.91 2427 282 455 0.17 4.21 -2.71 9387 425 261 -0.05 199
1 663 237 -0.14 9117 -0.34 4435 1 0.33 0.3 -0.24 2424 163 441 0.17 3.61 3.07 8111 720 439 -0.05 199
1 713 281 -0.09 8215 -0.33 3551 1 0.34 0.4 -0.09 2554 132 386 0.17 3.37 2.88 7331 849 473 -0.03 199
1 833 356 -0.01 5162 -1.16 941 1 0.36 0.51 0.09 3106 101 200 0.17 2.58 2.16 5423 1031 440 -0.02 199
1 864 369 0.0 4056 -2.26 1117 1 0.37 0.54 0.14 3274 97 149 0.17 2.27 1.87 5192 1059 407 -0.31 199
0 -326 -235 -2.62 9221 -3.02 5223 1 0.34 3.49 0.72 2152 32 -34 0.17 0.33 -2.44 7719 -372 -456 -0.31 0
0 -277 -199 -2.29 9580 -2.65 5491 1 0.33 3.8 1.34 2197 27 -29 0.17 0.02 -2.44 7899 -358 -387 -0.31 0
0 -235 -169 -1.96 9888 -2.29 5730 1 0.33 4.12 1.97 2234 23 -25 0.17 6.02 -2.41 8202 -399 -303 -0.31 73
0 -216 -84 -1.64 10156 -1.96 5968 1 0.33 4.43 2.6 2212 9 58 0.17 5.72 -2.39 8653 -453 -136 -0.31 152
0 -176 83 -1.34 10343 -1.66 6187 1 0.33 4.75 -3.05 2119 14 224 0.17 5.41 -2.39 9133 -404 72 -0.31 195
0 -89 229 -1.05 10403 -1.38 6334 1 0.32 5.06 -2.43 2020 25 480 0.17 5.15 -2.34 9628 -333 328 -0.31 198
0 30 327 -0.78 10317 -1.13 6378 1 0.32 5.38 -1.8 2144 43 647 0.17 4.83 -2.34 10014 -182 453 -0.31 199
0 167 371 -0.5 10080 -0.89 6307 1 0.32 5.69 -1.17 2563 43 735 0.17 4.52 -2.34 10259 -5 519 -0.31 199
0 577 58 0.64 7901 0.02 4879 1 0.34 0.4 1.08 4277 -4 163 0.17 3.37 -2.23 9483 713 250 -0.12 198
0 691 -239 0.62 5610 -0.43 2889 1 0.36 0.51 1.08 3493 -41 -395 0.17 2.58 -3.12 7383 889 -155 0.19 199
1 933 242 0.76 1820 -2.3 3033 1 0.39 0.56 0.79 3500 108 -74 0.17 1.71 1.94 5310 1100 137 -0.31 0
1 793 205 1.36 932 -2.07 3950 1 0.4 0.51 1.05 3443 -12 -120 0.17 1.55 2.09 5632 934 101 -0.31 0
1 674 174 -1.81 4744 -1.04 5228 1 0.41 0.38 1.24 3355 -44 -115 0.17 1.24 2.09 6008 781 50 -0.31 0
1 572 147 -1.52 5424 -0.83 5638 1 0.41 0.07 1.24 3283 -38 -98 0.17 0.96 2.13 6273 593 -57 -0.31 160
1 498 -5 -1.25 5955 -0.61 5901 1 0.42 6.04 1.24 3209 -20 -213 0.17 0.66 2.15 6256 394 -274 -0.31 195
1 386 -169 -0.99 6303 -0.38 5974 1 0.42 5.72 1.24 3104 -54 -345 0.18 0.38 2.18 5950 161 -454 -0.31 198
1 241 -289 -0.74 6467 -0.13 5869 1 0.43 5.5 1.33 2937 63 -387 0.18 0.7 2.81 5529 50 -531 -0.31 198
1 77 -357 -0.5 6450 0.12 5608 1 0.43 5.22 1.36 2948 -78 -433 0.18 1.01 -2.84 4999 -88 -567 -0.31 199
1 -90 -370 -0.25 6264 0.39 5217 1 0.44 5.01 1.47 2841 -242 -368 0.18 1.33 -2.22 4384 -230 -548 -0.31 199
1 -374 -243 0.28 5469 1.03 4225 1 0.44 4.47 1.55 2279 -453 -66 0.17 1.95 -0.96 2928 -424 -536 -0.02 199
1 -576 -104 0.22 4216 1.25 3207 1 0.44 3.84 0.93 1311 -428 256 0.18 2.58 -0.33 1644 -393 -499 0.03 199
1 -620 -368 -0.3 2755 1.37 2277 1 0.45 3.39 0.12 1158 -204 -328 0.18 3.21 -0.05 1494 -201 -670 -0.31 199
0 801 -243 0.32 3877 -1.61 1853 1 0.38 0.49 0.59 2623 0 -510 0.17 1.95 2.06 5838 982 -250 0.31 0
0 680 -206 0.14 3173 -2.37 1915 1 0.39 0.56 0.35 2140 -145 -522 0.17 1.71 1.5 5224 847 -311 0.31 0
0 578 -175 -0.02 2637 -2.99 2228 1 0.4 0.51 -0.02 1671 -227 -500 0.17 1.55 1.03 4810 719 -279 0.31 133
0 567 -63 -0.15 2127 2.8 2745 1 0.41 0.38 -0.45 1437 -151 -352 0.17 1.24 0.4 4640 674 -187 0.31 0
0 481 -53 -0.23 1778 2.39 3229 1 0.41 0.07 -1.08 1329 -129 -298 0.17 0.96 -0.19 4474 502 -257 0.31 191
0 449 365 1.53 4664 2.3 5173 1 0.43 5.5 -2.88 849 271 267 0.18 0.7 -1.4 4632 258 123 0.31 199
0 255 423 1.27 5170 1.97 5741 1 0.43 5.22 2.81 1055 100 347 0.18 1.01 -1.4 4905 90 213 0.31 191
0 -111 378 0.79 5673 1.39 6626 1 0.44 4.73 1.69 1559 -240 443 0.18 1.64 -1.4 5241 -226 170 0.31 199
0 -260 285 0.56 5668 1.13 6874 1 0.44 4.47 1.12 1999 -339 462 0.17 1.95 -1.4 5134 -310 -8 0.31 199
0 -367 156 0.32 5501 0.89 6971 1 0.44 4.15 0.49 2531 -345 451 0.17 2.27 -1.4 4814 -311 -210 0.31 198
0 -425 5 0.08 5188 0.64 6916 1 0.44 3.84 -0.14 3003 -277 365 0.18 2.58 -1.4 4317 -242 -390 0.31 199
0 -383 -297 -0.44 4211 0.16 6371 1 0.45 3.39 -1.22 3022 33 -257 0.18 3.21 -1.4 2993 36 -599 -0.07 195
1 -693 -279 -0.22 2065 2.08 2046 1 0.46 3.44 0.49 1453 -220 -208 0.18 3.49 0.54 1858 -178 -477 -0.31 82
1 -650 -202 -0.25 1549 2.77 2211 1 0.46 3.75 1.12 1577 -137 -64 0.19 3.75 1.12 2128 -73 -273 -0.31 129
1 -627 -90 -0.43 1230 -2.96 2676 1 0.47 4.07 1.75 1512 -122 118 0.19 3.96 1.64 2150 -21 -27 -0.31 40
1 -547 -44 -0.64 1244 -2.51 3189 1 0.47 4.38 2.37 1456 -118 132 0.2 4.0 1.99 2031 80 137 -0.31 0
1 -464 -37 -0.69 1494 -2.12 3659 1 0.48 4.69 3.0 1148 -117 875 0.21 4.0 2.3 1866 178 243 -0.31 78
1 -381 31 -0.6 1749 -1.76 4086 1 0.49 5.01 -2.65 1190 -99 846 0.22 3.94 2.57 1723 282 391 -0.31 185
1 393 -458 0.29 1841 -1.39 8125 1 0.49 1.41 2.93 4157 102 -608 0.26 0.42 1.94 7548 93 -357 -0.07 114
0 -333 -523 -0.31 2844 0.41 5378 1 0.46 3.75 -0.77 2107 180 -385 0.19 3.75 -0.77 1792 244 -594 -0.14 199
0 -305 -491 0.75 3906 -0.98 7003 1 0.48 4.69 0.09 1057 42 421 0.21 4.0 -0.61 1962 337 -211 -0.31 0
0 -259 -417 1.2 3734 -0.71 6511 1 0.49 5.01 0.72 1526 23 398 0.22 3.94 -0.35 2438 404 -57 0.31 0
0 -220 -354 1.02 3653 -1.07 6106 1 0.49 5.32 0.72 1972 -9 379 0.22 4.1 -0.51 2868 365 -17 0.31 0
0 -187 -300 0.82 3636 -1.43 5772 1 0.48 5.64 0.72 2416 -81 377 0.23 4.21 -0.72 3324 387 126 0.31 197
0 -75 -402 0.64 3497 -1.82 5542 1 0.48 5.95 0.72 2672 -102 213 0.24 4.52 -0.72 3809 412 -40 0.31 199
0 61 -456 0.47 3249 -2.23 5492 1 0.48 6.27 0.72 2769 -131 69 0.24 4.83 -0.72 4370 474 -147 0.31 199
0 551 -225 0.2 1532 2.68 7280 1 0.49 1.24 0.87 1965 156 -199 0.26 6.09 -0.56 7073 547 37 0.31 0
0 468 -191 0.27 1284 2.34 7852 1 0.49 1.55 0.87 1546 130 -338 0.26 0.12 -0.56 7420 296 11 0.31 0
0 397 -162 0.36 1268 2.01 8340 1 0.49 1.41 0.42 1165 106 -312 0.26 0.42 -0.58 7539 97 -61 0.31 158
1 332 -559 0.23 1099 -1.41 8387 1 0.49 1.73 -2.97 3282 93 -737 0.26 0.73 2.32 7303 -49 -586 -0.31 196
1 227 -636 -1.19 8582 -1.62 6251 1 0.5 1.95 -2.43 2208 134 -780 0.26 1.05 2.95 6931 -181 -806 -0.31 1
1 117 -276 -0.68 8954 -1.11 7024 1 0.49 1.75 -2.01 1284 124 802 0.27 1.68 -2.08 6550 -189 -708 -0.31 0
1 99 -234 -0.39 9093 -0.82 7261 1 0.49 1.71 -1.73 1900 127 513 0.28 1.99 -1.45 6660 -94 -751 -0.31 0
1 84 -198 -0.1 9217 -0.53 7465 1 0.48 1.66 -1.47 2232 124 267 0.28 2.3 -0.82 7008 22 -751 -0.24 0
1 71 -168 0.12 9326 -0.3 7641 1 0.48 1.64 -1.24 2325 116 57 0.29 2.57 -0.31 7569 156 -729 0.0 199
1 -103 -97 0.11 9222 -0.32 7600 1 0.48 1.62 -1.26 2223 -57 -76 0.3 2.88 0.0 8089 133 -618 0.0 199
1 -251 -38 0.1 8937 -0.35 7380 1 0.48 1.61 -1.27 1964 -207 -190 0.3 2.97 0.09 8549 117 -509 0.02 199
1 -377 10 0.07 8496 -0.4 7013 1 0.48 1.41 -1.48 1641 -365 -277 0.31 3.07 0.17 8936 105 -401 0.0 199
1 -656 106 0.04 6456 -0.6 5320 1 0.49 1.66 -1.26 2410 -854 201 0.33 3.79 0.87 9277 -210 -134 0.02 199
0 355 282 0.42 1194 1.41 9128 1 0.5 1.95 0.33 855 262 138 0.26 1.05 -0.58 7428 -53 112 0.31 30
0 389 65 0.23 2230 0.52 10658 1 0.49 1.71 -0.86 2804 417 812 0.28 1.99 -0.58 8128 196 -452 0.31 199
0 -294 -95 -0.98 1823 -0.66 10254 1 0.48 1.61 -2.15 3312 -250 -247 0.3 2.97 -0.79 9269 74 -566 -0.1 198
0 -398 -163 -1.11 1497 -0.58 9799 1 0.48 1.41 -2.23 2629 -386 -450 0.31 3.07 -0.58 9681 84 -574 -0.21 199
0 -500 -188 -1.33 1250 -0.4 9232 1 0.49 1.19 -2.25 1902 -501 -459 0.31 3.16 -0.28 10092 79 -535 0.31 0
0 -323 -79 3.06 1650 -1.41 8000 1 0.49 1.88 -2.5 1104 -469 -68 0.34 4.1 -0.28 11078 56 -282 0.31 0
0 -274 -67 2.61 1870 -1.75 7697 1 0.49 2.04 -2.65 1343 -324 -200 0.33 4.42 -0.28 11288 54 -219 0.31 0
0 -232 -56 2.2 2081 -2.08 7442 1 0.5 2.09 -2.91 1505 -190 -316 0.33 4.73 -0.28 11432 46 -138 0.31 3
1 -839 306 0.8 1613 -1.12 3046 1 0.51 2.39 0.09 6843 -635 -91 0.33 5.36 3.05 6488 -776 489 -0.31 0
1 -713 260 1.45 808 -1.09 3206 1 0.52 2.69 0.7 7296 -398 -145 0.33 5.67 -2.6 5504 -789 507 -0.31 19
1 -607 237 -0.98 3508 0.18 4721 1 0.52 3.0 1.33 7489 -171 -130 0.33 5.99 -1.97 4567 -833 497 -0.31 192
1 -482 368 -0.86 3734 0.39 4167 1 0.53 3.26 1.9 7427 57 78 0.33 0.02 -1.34 3642 -844 586 -0.31 197
1 -325 460 -0.72 3865 0.63 3575 1 0.53 3.4 2.36 7102 297 258 0.34 0.23 -0.82 2903 -798 605 -0.31 197
1 -150 505 -0.56 3889 0.9 2967 1 0.54 3.53 2.79 6544 536 397 0.35 0.35 -0.38 2512 -711 569 -0.31 199
1 426 206 0.14 2898 2.93 1805 1 0.57 3.37 -2.39 3722 1046 287 0.38 0.28 0.8 3561 -388 100 -0.26 197
1 481 54 0.29 2413 -2.89 2225 1 0.58 3.12 -2.37 3405 1018 122 0.39 0.16 0.94 4007 -374 -63 -0.07 199
1 519 -82 0.24 1841 -2.74 2810 1 0.58 2.81 -2.62 3321 975 -25 0.39 6.27 0.84 4403 -307 -179 -0.09 199
1 511 -337 -2.35 4204 1.56 7924 1 0.59 2.18 -2.84 3713 852 -315 0.41 0.49 1.75 5073 -151 -431 -0.31 0
1 434 -286 -2.05 4812 1.94 7553 1 0.59 1.87 -2.84 4127 736 -307 0.42 0.17 1.75 5382 -128 -365 -0.31 0
0 -195 -49 1.82 2271 -2.4 7230 1 0.5 2.08 3.04 1669 -94 -386 0.33 5.04 -0.28 11422 -3 10 0.31 127
0 -79 -106 1.51 2426 -2.74 7168 1 0.51 2.39 3.04 1783 125 -503 0.33 5.36 -0.28 11351 -16 77 0.31 0
0 -67 -90 1.2 2558 -3.07 7118 1 0.52 2.69 3.02 1983 248 -495 0.33 5.67 -0.28 11103 -143 157 0.31 0
0 -56 -76 0.89 2670 2.88 7077 1 0.52 3.0 3.02 2242 380 -443 0.33 5.99 -0.28 10706 -282 184 0.31 0
0 -47 -64 0.57 2764 2.56 7044 1 0.53 3.26 2.97 2543 492 -354 0.33 0.02 -0.28 10218 -409 154 0.31 0
0 -39 -54 0.26 2843 2.23 7018 1 0.53 3.4 2.79 2890 583 -256 0.34 0.23 -0.38 9690 -512 91 0.31 0
0 -33 -45 -0.05 2910 1.91 6996 1 0.54 3.53 2.6 3291 653 -153 0.35 0.35 -0.58 9163 -594 19 0.31 52
0 -13 4 -0.37 2916 1.6 6980 1 0.55 3.54 2.3 3733 726 -20 0.35 0.3 -0.94 8625 -651 7 0.31 114
0 -259 420 -2.18 2566 0.53 6138 1 0.58 3.12 0.63 4886 278 488 0.39 0.16 -2.34 5581 -1114 303 0.31 199
0 -380 412 -2.7 2904 0.3 5655 1 0.58 2.81 0.0 4861 76 469 0.39 6.27 -2.83 4999 -1206 315 0.31 0
0 -323 350 3.13 3268 0.06 5276 1 0.6 2.5 -0.63 4891 64 398 0.4 0.3 -2.83 4843 -1078 252 0.31 0
0 -274 297 2.72 3617 -0.18 4981 1 0.59 2.18 -1.26 4965 67 319 0.41 0.49 -2.95 5004 -936 203 0.31 0
0 -232 252 2.34 3935 -0.43 4753 1 0.59 1.87 -1.88 5062 70 231 0.42 0.17 2.71 5328 -794 173 0.31 131
1 368 -243 -1.75 5329 2.31 7263 1 0.59 1.57 -2.83 4562 624 -334 0.42 6.14 1.75 5660 -109 -310 -0.31 66
1 279 -251 -1.45 5760 2.68 7097 1 0.59 1.29 -2.79 4891 468 -425 0.42 5.83 1.75 5966 -126 -307 -0.31 180
1 112 -303 -1.18 6055 3.05 7156 1 0.59 0.98 -2.79 4934 177 -591 0.43 5.52 1.75 6414 -232 -350 -0.31 199
1 -66 -310 -0.92 6189 -2.88 7414 1 0.59 0.66 -2.79 4701 -144 -659 0.44 5.2 1.75 6992 -358 -349 -0.31 200
1 -226 -263 -0.67 6160 -2.55 7807 1 0.59 0.37 -2.78 4232 -451 -619 0.44 4.94 1.8 7619 -491 -221 -0.31 199
1 -471 99 0.07 5186 -1.69 9147 1 0.61 6.02 -2.46 2015 -1006 -63 0.44 4.01 1.82 9162 -500 347 -0.3 196
1 -454 245 0.32 4625 -1.45 9487 1 0.61 0.05 -1.85 1572 -908 108 0.44 3.7 1.8 9295 -336 546 0.02 195
1 -442 368 0.26 3968 -1.53 9783 1 0.62 0.37 -1.55 1596 -827 252 0.44 3.39 1.47 9272 -178 666 0.02 195
1 -435 471 0.22 3221 -1.61 10069 1 0.63 0.68 -1.26 2036 -762 373 0.45 3.21 1.27 9173 -62 735 0.02 194
1 -379 643 0.5 1515 -1.47 10653 1 0.63 1.31 -0.33 3463 -630 537 0.46 3.3 1.66 8838 173 864 -0.31 198
1 -148 748 -1.01 11010 -1.37 7431 1 0.62 1.94 0.93 4576 -270 437 0.47 3.7 2.69 8433 396 951 -0.31 172
1 -13 729 -0.77 11054 -1.16 7789 1 0.62 2.25 1.55 4725 -10 333 0.48 3.98 -3.0 8369 449 902 -0.31 199
0 -363 7 2.34 4690 -0.36 4065 1 0.59 1.29 -2.46 4837 -174 -167 0.42 5.83 2.08 6546 -768 -49 -0.31 199
0 -570 -34 3.02 5883 0.35 2864 1 0.59 0.66 -2.46 3639 -648 -383 0.44 5.2 2.08 8253 -862 -73 -0.31 193
0 -639 24 -2.94 6633 0.78 2177 1 0.59 0.37 -2.44 2755 -864 -332 0.44 4.94 2.13 9130 -904 66 -0.31 77
0 -596 60 -2.62 7338 1.33 1621 1 0.6 0.07 -2.43 1935 -956 -253 0.44 4.63 2.13 9908 -816 150 -0.31 64
0 -538 96 -2.31 7980 2.03 1296 1 0.6 6.09 -2.37 1475 -1000 -140 0.43 4.33 2.15 10555 -700 234 -0.31 112
0 -485 172 -2.01 8573 2.81 1341 1 0.61 6.02 -2.13 1714 -1020 10 0.44 4.01 2.15 10955 -514 420 -0.31 114
0 -410 268 -1.72 9100 -2.87 1710 1 0.61 0.05 -1.5 2335 -864 131 0.44 3.7 2.15 11096 -292 569 -0.31 187
0 -297 378 -1.45 9526 -2.45 2240 1 0.62 0.37 -0.87 2921 -682 262 0.44 3.39 2.15 10963 -33 676 0.31 171
0 -261 578 -2.18 10436 -3.05 3631 1 0.63 0.99 -0.87 4081 -550 477 0.45 3.19 1.33 10399 207 811 -0.31 0
0 -221 491 -1.91 10874 -2.73 4265 1 0.63 1.31 -0.24 4663 -472 385 0.46 3.3 1.75 10036 331 712 -0.31 70
0 -168 474 -1.64 11264 -2.42 4857 1 0.62 1.62 0.38 5144 -375 272 0.46 3.4 2.16 9607 450 700 -0.31 156
0 -63 508 -1.37 11577 -2.14 5441 1 0.62 1.94 1.01 5400 -185 197 0.47 3.7 2.78 9230 481 711 -0.31 189
0 78 524 -1.11 11774 -1.87 5994 1 0.62 2.25 1.64 5338 81 128 0.48 3.98 -2.91 8880 540 697 -0.31 198
1 293 592 -0.29 10756 -0.73 8147 1 0.63 2.88 2.81 4075 580 184 0.48 4.61 -1.75 8352 635 790 -0.31 199
1 496 302 0.23 9965 -0.27 7965 1 0.64 3.05 -2.67 2670 981 -54 0.48 5.24 -0.49 8657 682 632 -0.3 199
1 532 128 0.49 9426 -0.05 7673 1 0.64 3.37 -2.06 2203 1109 -136 0.48 5.55 0.12 8888 564 523 0.07 199
1 571 -11 0.4 8795 -0.19 7263 1 0.65 3.47 -2.02 2841 906 506 0.48 5.86 0.37 9110 444 395 0.07 198
1 613 -121 0.31 8074 -0.33 6759 1 0.65 3.23 -2.34 3773 965 324 0.49 6.18 0.61 9247 337 243 0.07 199
1 739 -315 0.11 5445 -0.85 5013 1 0.67 2.83 -2.91 6730 1024 -41 0.5 0.84 1.38 8645 244 -283 0.05 199
1 779 -417 0.39 3405 -0.99 4138 1 0.67 2.2 3.0 8747 984 -220 0.52 1.47 2.27 7351 372 -549 -0.31 100
1 699 -430 0.76 2452 -0.92 3937 1 0.66 1.88 3.0 9645 879 -283 0.51 1.78 2.9 6562 370 -622 -0.31 0
1 594 -365 1.17 1654 -0.81 3949 1 0.66 1.59 3.02 10424 747 -289 0.51 2.09 -2.76 5768 380 -642 -0.31 0
1 504 -310 1.68 1005 -0.67 4091 1 0.66 1.36 3.11 11052 607 -368 0.51 2.41 -2.13 5019 415 -630 -0.31 19
0 362 418 -0.59 11743 -1.39 6878 1 0.63 2.88 2.9 4200 649 10 0.48 4.61 -1.66 8197 704 616 -0.31 199
0 468 300 -0.32 11506 -1.16 7162 1 0.63 2.74 3.07 3226 840 -101 0.48 4.92 -1.03 7986 727 619 -0.31 197
0 532 153 -0.06 11133 -0.93 7320 1 0.64 3.05 -2.58 2036 1017 -203 0.48 5.24 -0.4 7816 718 483 -0.31 0
0 358 181 0.49 10658 -0.43 7729 1 0.65 3.47 -1.54 1380 693 698 0.48 5.86 0.86 8389 231 587 0.3 0
0 304 153 0.15 10540 -0.77 7962 1 0.65 3.23 -2.08 2320 656 598 0.49 6.18 0.87 8908 28 517 -0.31 0
0 258 130 0.44 10450 -0.49 8170 1 0.66 3.26 -1.73 3193 587 511 0.49 0.21 1.5 9408 -139 406 0.24 0
0 219 110 0.17 10383 -0.76 8353 1 0.66 3.14 -2.09 3990 555 433 0.49 0.52 1.57 9825 -258 264 -0.02 198
0 267 -55 0.16 10133 -0.78 8368 1 0.67 2.83 -2.39 4604 552 219 0.5 0.84 1.9 9929 -228 -23 0.14 199
0 362 -302 0.13 9185 -0.89 8090 1 0.67 2.2 -3.02 5551 567 -105 0.52 1.47 2.53 9335 -45 -434 -0.14 195
0 336 -520 0.5 7807 -0.69 7478 1 0.66 1.59 3.02 6179 489 -444 0.51 2.09 -2.76 7880 122 -797 -0.31 195
0 257 -609 0.84 7054 -0.46 7050 1 0.66 1.36 3.11 6309 360 -667 0.51 2.41 -2.13 6921 168 -929 -0.31 0
0 218 -517 1.18 6418 -0.23 6737 1 0.66 1.19 -3.04 6426 250 -703 0.51 2.72 -1.5 5957 297 -859 -0.31 0
1 46 -375 -0.07 4168 0.82 4509 1 0.66 0.66 -2.93 11497 -144 -734 0.52 3.32 -0.28 3309 414 -608 -0.31 199
1 -515 -193 0.18 2323 1.7 3064 1 0.68 6.11 3.02 8225 -1141 -359 0.54 3.58 0.49 3311 153 -62 0.31 199
1 -602 -207 -0.23 1597 1.63 2965 1 0.69 6.11 2.71 7001 -1301 -319 0.55 3.51 0.1 3422 124 -34 0.31 59
1 -554 -203 -0.78 964 1.55 3026 1 0.7 6.09 2.37 5892 -1315 -265 0.56 3.32 -0.4 3652 230 -26 0.31 0
1 -470 -172 1.42 3197 -0.52 6858 1 0.71 6.0 1.97 4981 -1280 -177 0.56 3.23 -0.8 3961 292 -14 0.31 78
1 -422 -206 1.26 3394 -0.84 6306 1 0.72 5.9 1.55 4391 -1267 -146 0.57 2.91 -1.43 4176 225 -72 0.31 171
1 -366 -312 1.1 3543 -1.19 5776 1 0.73 5.81 1.15 4318 -1235 -184 0.58 2.6 -2.06 4310 183 -199 0.31 189
1 -269 -424 0.95 3619 -1.57 5326 1 0.73 6.09 1.12 4812 -1064 -305 0.58 2.29 -2.69 4448 197 -328 0.31 198
1 -136 -503 0.81 3616 -1.99 5046 1 0.74 5.9 0.61 5559 -899 -367 0.59 1.99 2.98 4696 266 -436 0.31 199
1 16 -535 0.67 3535 -2.43 5006 1 0.75 5.59 -0.02 6325 -632 -420 0.59 1.68 2.36 5127 363 -533 0.31 199
1 315 -448 0.41 3157 3.02 5663 1 0.76 4.97 -1.26 7376 -169 -302 0.59 1.1 1.15 6477 474 -680 0.31 199
0 185 -439 1.52 5883 0.0 6513 1 0.66 0.98 -2.93 6502 118 -738 0.51 3.04 -0.87 5003 421 -748 -0.31 32
0 132 -385 1.87 5442 0.25 6323 1 0.66 0.66 -2.93 6488 -58 -744 0.52 3.32 -0.28 4090 500 -618 -0.31 72
0 50 -336 2.23 5117 0.51 6122 1 0.67 0.35 -2.93 6339 -271 -699 0.52 3.53 0.24 3268 520 -470 -0.31 106
0 -47 -270 2.6 4941 0.79 5890 1 0.67 0.03 -2.93 6021 -488 -585 0.53 3.72 0.75 2594 495 -292 -0.31 140
0 -145 -174 2.96 4942 1.09 5633 1 0.68 6.07 -2.86 5517 -685 -405 0.53 3.7 1.05 2101 460 -103 -0.31 164
0 -220 -48 -2.97 5114 1.42 5388 1 0.68 6.11 -2.51 4847 -846 -214 0.54 3.58 1.24 1835 448 83 -0.31 177
0 -252 92 -2.64 5420 1.78 5214 1 0.69 6.11 -2.2 4064 -951 -20 0.55 3.51 1.48 1902 474 265 -0.31 194
0 -237 234 -2.33 5807 2.17 5180 1 0.7 6.09 -1.9 3246 -998 172 0.56 3.32 1.61 2340 547 411 -0.31 190
0 -173 363 -2.05 6226 2.57 5338 1 0.71 6.0 -1.68 2504 -983 358 0.56 3.23 1.83 3076 589 521 -0.31 198
0 -68 459 -1.8 6631 2.96 5697 1 0.72 5.9 -1.47 2036 -913 519 0.57 2.91 1.83 3967 579 593 -0.31 198
0 63 508 -1.56 6985 -2.96 6221 1 0.73 5.81 -1.24 2070 -806 636 0.58 2.6 1.83 4940 612 621 -0.31 199
0 205 507 -1.32 7262 -2.62 6849 1 0.73 6.09 -0.65 2461 -590 626 0.58 2.29 1.83 5947 671 603 -0.31 199
1 452 280 -0.0 1280 1.49 8546 1 0.77 3.63 2.11 5224 568 665 0.61 6.11 -1.69 8405 -61 86 0.31 197
1 340 402 0.13 869 1.23 8894 1 0.78 3.33 1.5 4179 576 756 0.61 0.14 -1.69 8183 -96 238 0.31 198
1 196 484 0.6 608 0.98 9100 1 0.78 3.05 0.91 3171 565 768 0.62 0.45 -1.69 7831 -174 345 0.31 0
1 166 411 1.0 796 0.72 9303 1 0.79 2.78 0.31 2494 638 591 0.63 0.77 -1.69 7541 -148 293 0.31 0
1 141 349 0.99 1134 0.45 9493 1 0.79 2.58 -0.19 2088 11 560 0.63 1.08 -1.69 7297 -135 230 0.31 0
1 119 296 0.81 1466 0.17 9668 1 0.79 2.9 -0.19 1775 173 433 0.63 1.4 -1.69 7108 -128 123 0.31 113
1 -265 -440 -1.11 8314 -1.57 6061 1 0.82 3.94 -0.35 2887 -18 -445 0.64 3.28 -1.01 8377 167 -750 -0.31 156
0 504 -247 0.04 6555 -0.98 9868 1 0.77 4.4 -0.45 3070 178 -45 0.59 0.47 1.9 9254 365 -593 -0.31 195
0 399 -377 0.29 6047 -0.73 9944 1 0.77 4.12 -0.42 2811 217 -65 0.6 0.17 1.92 8965 114 -699 -0.31 198
0 115 -533 0.72 4832 -0.37 9640 1 0.77 3.63 -0.42 2189 231 -148 0.61 6.11 2.06 7710 -398 -727 -0.26 199
0 -37 -555 1.0 4182 -0.17 9283 1 0.78 3.33 -0.45 1867 199 -201 0.61 0.14 2.64 6949 -473 -719 -0.31 199
0 -191 -527 1.39 3589 0.1 8807 1 0.78 3.05 -0.42 1551 178 -243 0.62 0.45 -3.02 6163 -561 -666 -0.31 0
0 -163 -317 2.64 2459 0.91 7803 1 0.79 2.9 0.37 1010 -109 -180 0.63 1.4 -1.13 4704 -410 -490 -0.31 0
0 -138 -269 3.08 2265 1.19 7557 1 0.79 2.76 0.54 1014 58 -214 0.63 1.71 -0.51 4528 -330 -537 -0.31 0
0 -117 -228 -2.76 2133 1.48 7356 1 0.8 2.69 0.79 991 196 -252 0.63 2.02 0.12 4603 -221 -575 -0.19 194
0 -122 -25 -2.51 2208 1.67 7209 1 0.8 3.0 1.29 889 213 -55 0.63 2.34 0.63 4798 -99 -435 -0.21 0
0 -103 -21 -2.26 2277 1.88 7085 1 0.8 3.32 1.82 835 221 -39 0.63 2.65 1.15 5195 66 -449 0.31 0
0 -87 -17 -2.54 2339 1.57 6980 1 0.8 3.63 1.82 844 204 -23 0.63 2.97 1.15 5716 224 -410 0.07 0
0 -73 -14 -2.58 2395 1.5 6891 1 0.82 3.94 2.06 902 174 -19 0.64 3.28 1.4 6285 359 -324 -0.31 0
1 -314 -473 -0.87 7942 -1.36 5983 1 0.82 4.26 0.28 3232 -79 -425 0.64 3.6 -0.38 9091 206 -662 -0.31 198
1 -672 -238 0.05 5718 -0.66 5453 1 0.82 5.52 2.79 3461 -737 115 0.66 4.85 2.13 9959 -309 -43 -0.31 199
1 -529 529 1.16 866 -0.57 3671 1 0.84 0.52 -1.05 7898 -1087 520 0.68 0.31 -1.26 4059 -996 719 -0.31 194
1 -398 611 -0.48 3406 0.64 4939 1 0.84 0.84 -0.42 8939 -882 593 0.68 0.33 -0.93 3213 -955 717 -0.31 197
1 -239 657 -0.41 3157 0.95 4116 1 0.84 1.15 0.21 9459 -320 997 0.69 0.45 -0.49 2836 -865 673 -0.31 199
1 -66 659 -0.34 2917 1.32 3360 1 0.84 0.86 0.23 9896 -188 885 0.7 0.35 -0.28 2946 -757 614 -0.31 199
1 105 613 -0.27 2675 1.77 2760 1 0.84 1.17 0.86 10188 -37 712 0.71 0.33 0.02 3361 -643 521 -0.31 200
0 -62 -11 -2.24 2443 1.81 6817 1 0.82 4.26 2.69 941 173 37 0.64 3.6 2.02 6842 458 -200 -0.31 0
0 -52 -9 -1.91 2485 2.13 6754 1 0.82 4.57 -2.97 941 160 117 0.64 3.91 2.65 7339 506 -56 -0.31 78
0 -5 46 -1.61 2523 2.45 6761 1 0.81 4.89 -2.34 959 167 194 0.65 4.22 -3.0 7757 512 87 -0.31 74
0 47 76 -1.33 2537 2.77 6837 1 0.82 5.2 -1.71 978 113 352 0.65 4.54 -2.37 8135 495 160 -0.31 94
0 116 89 -1.09 2507 3.1 6997 1 0.82 5.52 -1.08 1143 51 442 0.66 4.85 -1.75 8455 479 284 -0.31 147
0 223 76 -0.88 2395 -2.87 7275 1 0.82 5.83 -0.45 1462 16 451 0.67 5.17 -1.12 8770 473 360 -0.31 187
0 446 -339 -0.69 1198 -1.75 9063 1 0.85 0.75 2.01 1589 -42 -254 0.67 0.1 1.36 9703 87 -54 -0.31 0
0 379 -288 -0.85 1177 -1.48 9467 1 0.84 0.52 2.09 1182 -179 -297 0.68 0.31 1.88 9636 -88 -98 -0.31 0
0 307 -169 -0.77 1648 -0.9 10170 1 0.84 1.15 -2.93 1105 226 171 0.69 0.45 2.65 9123 -319 -153 -0.31 0
0 260 -143 -0.57 1934 -0.61 10472 1 0.84 0.86 -2.91 1290 138 83 0.7 0.35 2.86 8731 -431 -188 -0.31 0
0 221 -121 -0.33 2191 -0.31 10730 1 0.84 1.17 -2.29 1343 79 -22 0.71 0.33 -3.12 8267 -527 -213 -0.31 0
1 402 -261 -0.26 912 -1.89 4495 1 0.84 2.3 -2.41 7561 638 -447 0.75 6.27 1.55 5773 -176 -405 -0.31 194
1 290 -383 -0.62 720 -1.64 4972 1 0.84 2.6 -1.8 6692 524 -560 0.76 5.95 1.55 6152 -201 -505 -0.31 0
1 246 -325 -0.89 870 -1.37 5390 1 0.84 2.9 -1.19 5769 609 -516 0.77 5.64 1.55 6506 -171 -428 -0.31 0
1 209 -276 -0.87 1149 -1.09 5753 1 0.85 3.21 -0.56 4820 687 -426 0.77 5.32 1.55 6831 -157 -346 -0.31 0
1 177 -234 -0.71 1435 -0.8 6065 1 0.86 3.51 0.05 3883 741 -300 0.77 5.01 1.55 7112 -142 -265 -0.31 178
1 -467 414 0.09 3542 -2.24 8598 1 0.91 2.36 -0.16 2886 163 404 0.77 3.12 0.61 8518 -60 691 0.31 199
0 -10 -80 -0.07 2411 0.02 10938 1 0.83 1.29 -1.82 1144 -123 -85 0.72 0.31 -2.79 7070 -850 -239 0.0 184
0 74 115 -0.1 2225 0.02 10745 1 0.83 1.61 -1.5 819 233 204 0.73 0.3 -2.81 6324 -784 -63 -0.09 99
0 -21 108 0.04 2187 0.12 10719 1 0.83 1.68 -1.34 1017 121 120 0.74 0.61 -2.41 5759 -821 -92 0.26 199
0 -186 68 -0.19 1963 -0.14 10500 1 0.84 1.99 -1.29 980 -18 -29 0.75 0.3 -2.98 5296 -866 -102 0.12 0
0 -158 57 -0.28 1775 -0.25 10314 1 0.84 2.3 -1.1 981 78 -129 0.75 6.27 2.86 5037 -736 -87 -0.17 0
0 -134 48 -0.07 1617 -0.07 10157 1 0.84 2.6 -0.63 1038 100 -129 0.76 5.95 2.72 4929 -625 -74 0.0 0
0 -113 40 -0.04 1484 -0.07 10023 1 0.84 2.9 -0.33 1298 250 -151 0.77 5.64 2.41 4923 -530 -63 -0.02 0
0 -671 -15 -0.02 7097 -0.58 5011 1 0.89 3.14 -0.05 3092 160 -3 0.76 3.96 0.77 5857 -678 296 -0.31 199
0 -807 169 0.59 4416 -0.47 2687 1 0.91 2.36 -0.33 3025 -177 159 0.77 3.12 0.44 6464 -400 446 0.09 199