1 -486 377 -0.04 5349 -2.44 2557 1 0.02 2.29 -0.52 902 137 153 0.0 2.44 -0.37 1995 -325 244 0.24 199
1 -556 457 -0.13 2933 -3.09 4528 1 0.05 1.73 -1.29 1105 138 239 0.02 2.53 -0.49 2295 -146 19 0.31 0
1 -472 388 -0.31 2302 2.8 5131 1 0.06 1.41 -1.92 1379 117 203 0.04 2.62 -0.72 2211 24 -68 0.21 199
1 -557 263 -0.37 1631 2.55 5830 1 0.07 1.1 -2.44 1247 -134 -45 0.05 2.57 -0.98 2034 -49 -182 0.24 100
1 -425 154 0.42 673 1.66 7625 1 0.09 0.19 2.08 1157 -393 112 0.07 2.25 -2.15 1803 -107 -127 0.3 0
1 -361 130 0.56 961 1.36 8074 1 0.09 6.16 1.47 1227 -63 0 0.07 2.57 -2.13 2214 -530 7 0.31 99
1 14 -199 0.18 1092 0.46 8476 1 0.09 6.21 0.58 1360 -203 -211 0.07 3.33 -2.3 2115 162 -278 0.24 199
0 0 0 2.77 6726 0.94 1897 0 0.0 2.6 2.62 1000 0 0 0.0 2.45 2.47 2000 0 0 2.32 100
0 -56 63 -0.0 6626 -1.38 4878 1 0.01 2.6 0.3 2006 418 -220 0.0 2.44 0.14 989 31 -9 -0.3 0
0 -47 53 0.29 6542 -1.1 4862 1 0.02 2.29 0.28 2191 576 -171 0.0 2.44 0.44 1008 114 -80 -0.31 196
0 -20 205 0.94 6035 -0.61 4468 1 0.04 1.97 0.56 2724 570 -168 0.02 2.37 0.96 887 300 -195 -0.28 198
0 54 328 1.28 5816 -0.38 4151 1 0.05 1.73 0.59 3144 748 110 0.02 2.53 1.4 1219 464 -110 -0.23 199
0 150 412 1.59 5644 -0.22 3697 1 0.06 1.41 0.51 3641 739 227 0.04 2.62 1.71 1794 646 -44 -0.31 100
0 197 397 2.0 5572 0.03 3226 1 0.07 1.1 0.51 4221 620 89 0.05 2.57 1.97 2538 705 -48 -0.23 99
0 246 367 2.31 5616 0.19 2744 1 0.07 0.79 0.42 4806 585 85 0.05 2.72 2.36 3279 677 -11 0.16 0
0 209 311 2.23 5690 -0.04 2348 1 0.09 0.51 -0.02 5199 443 299 0.06 2.57 2.04 3924 575 -10 0.19 99
0 241 320 2.12 5830 -0.34 1932 1 0.09 0.19 -0.52 5416 273 278 0.07 2.25 1.54 4547 559 39 0.3 0
0 204 272 1.89 5976 -0.77 1604 1 0.09 6.16 -1.13 5888 502 142 0.07 2.57 1.55 4618 35 149 0.31 0
0 173 231 1.62 6117 -1.24 1358 1 0.08 6.21 -1.4 6169 266 132 0.07 2.88 1.55 4823 193 83 0.31 0
0 147 196 1.35 6249 -1.74 1185 1 0.09 5.9 -2.02 6246 91 167 0.07 3.19 1.55 5000 164 71 0.07 0
0 124 166 1.32 6369 -2.0 1078 1 0.09 6.21 -1.78 6117 -93 154 0.07 3.33 1.62 5305 272 87 0.03 0
0 105 141 1.31 6475 -2.23 1026 1 0.09 0.24 -1.5 6353 228 114 0.07 3.63 1.88 5039 -240 51 0.12 0
1 15 -162 0.17 626 0.03 8052 1 0.09 0.19 0.35 1029 -342 -154 0.06 3.46 -2.67 2232 -120 -186 0.07 199
1 182 -152 -0.02 7818 -0.31 12653 1 0.1 0.03 0.12 1174 219 -63 0.06 3.18 -3.02 2172 -273 -254 -0.05 199
1 236 -162 -0.04 6979 -0.36 11769 1 0.1 5.83 -0.42 892 -208 -23 0.06 3.25 -3.0 1798 221 -210 0.12 199
1 482 -83 -0.17 5963 -0.54 10752 1 0.12 6.27 -0.14 1233 -136 64 0.06 3.56 -2.84 1079 639 -77 0.07 199
1 576 -38 -0.23 5284 -0.63 10115 1 0.13 0.14 -0.05 1374 -117 64 0.07 3.75 -2.72 1218 754 -2 0.0 199
1 776 -72 0.31 2741 -0.21 7828 1 0.17 5.81 -0.12 1515 8 66 0.07 4.31 -1.62 3880 947 21 -0.07 99
1 737 -95 0.42 1872 -0.19 7043 1 0.18 5.57 -0.3 1572 -20 114 0.08 4.63 -1.24 4899 883 0 -0.28 199
1 760 -283 0.08 5292 -1.49 2902 1 0.21 4.96 -0.52 1519 113 82 0.09 5.22 -0.26 6860 781 -64 -0.1 199
0 89 119 1.21 6569 -2.52 1013 1 0.09 0.19 -1.68 6164 -268 127 0.06 3.46 1.59 4973 -46 95 0.28 0
0 75 101 0.95 6651 -2.95 1026 1 0.1 0.03 -2.11 5889 112 190 0.06 3.18 1.03 4921 -380 -1 0.14 0
0 63 85 0.82 6723 3.08 1053 1 0.1 6.0 -2.57 5806 -68 207 0.06 3.19 0.91 4740 -154 9 0.19 0
0 53 72 0.65 6784 2.79 1087 1 0.1 5.83 -2.93 5506 -391 211 0.06 3.25 0.77 4783 38 24 -0.05 0
0 45 61 0.71 6836 2.77 1123 1 0.11 5.95 -2.76 4963 -483 231 0.06 3.32 0.89 4992 181 46 0.12 0
0 38 51 0.6 6881 2.59 1158 1 0.12 6.27 -2.57 4324 -580 198 0.06 3.56 1.01 5217 195 57 0.28 0
0 32 43 0.32 6919 2.26 1190 1 0.13 0.14 -2.69 3606 -661 145 0.07 3.75 0.93 5462 210 79 0.12 0
0 27 36 0.21 6951 2.1 1219 1 0.14 0.09 -2.86 2837 -731 106 0.07 3.98 1.03 5670 178 66 0.19 0
0 22 30 0.02 6979 1.88 1245 1 0.15 6.13 2.98 2168 -704 102 0.07 4.0 0.86 5935 224 140 0.26 0
0 18 25 -0.24 7002 1.6 1267 1 0.17 5.81 2.41 1689 -750 163 0.07 4.31 0.91 6163 189 118 0.31 0
0 15 21 -0.55 7020 1.26 1286 1 0.18 5.57 1.85 1702 -742 230 0.08 4.63 0.91 6360 161 116 0.3 199
0 -179 -374 -1.38 6545 1.45 927 1 0.21 4.64 0.23 3416 -728 -53 0.09 5.53 1.12 5892 -285 -72 0.3 0
0 -152 -487 -1.76 6453 1.76 1046 1 0.22 4.33 -0.38 3926 -562 -74 0.1 5.85 1.13 5423 -396 -159 0.09 103
0 -121 -498 -1.95 6453 2.08 1409 1 0.23 4.64 -0.16 4573 -652 190 0.1 6.07 1.27 4855 -484 -188 0.03 0
1 377 -490 0.77 1807 -1.49 4733 1 0.25 4.33 -0.31 1121 -74 95 0.11 0.07 1.71 8384 -97 -240 -0.14 101
1 302 -499 1.0 1132 -1.46 5115 1 0.25 4.01 -0.49 1183 -75 4 0.12 0.38 2.16 8189 -258 -351 -0.14 99
1 227 -504 -1.43 5470 -1.65 11777 1 0.25 3.75 -0.61 1165 47 20 0.13 0.56 2.48 7919 -393 -468 -0.3 199
1 90 -564 -1.24 5745 -1.4 12163 1 0.25 3.61 -0.45 1060 90 -43 0.14 0.47 2.69 7574 -588 -610 -0.21 0
1 76 -479 -1.11 6026 -1.23 12509 1 0.25 3.3 -0.56 904 242 -10 0.15 0.45 2.88 7275 -653 -592 -0.23 107
1 -30 -302 -0.96 6209 -1.03 12732 1 0.25 3.14 -0.49 878 259 242 0.16 0.35 3.0 6976 -795 -452 -0.28 100
1 -108 -274 -0.74 6251 -0.78 12795 1 0.25 2.97 -0.38 1116 295 161 0.17 0.03 2.97 6609 -928 -408 -0.3 199
1 -261 -218 -0.5 6126 -0.51 12681 1 0.25 2.65 -0.4 1299 231 72 0.19 6.0 2.95 6318 -998 -320 -0.31 199
1 -378 -119 -0.25 5844 -0.23 12399 1 0.25 2.44 -0.3 1421 169 19 0.2 5.69 2.95 6005 -1121 -128 -0.12 199
1 -541 343 0.06 3541 0.23 10017 1 0.26 1.76 -0.44 2169 -1470 1469 0.23 4.49 2.29 5358 -1041 706 -0.09 199
1 -557 513 -0.04 1873 0.29 8301 1 0.23 2.11 -0.03 5759 -1071 1053 0.23 3.91 1.76 6235 -871 859 0.17 199
0 -102 -423 -2.06 6499 2.23 1820 1 0.25 4.33 -0.51 5242 -553 162 0.11 0.07 1.52 4191 -576 -173 0.14 0
0 -86 -359 -2.26 6569 2.2 2203 1 0.25 4.01 -0.96 5810 -463 144 0.12 0.38 1.69 3472 -646 -211 0.17 0
0 -73 -305 -2.49 6651 2.08 2540 1 0.25 3.75 -1.4 6190 -253 219 0.13 0.56 1.69 2767 -693 -269 0.0 0
0 -62 -259 -2.54 6736 2.13 2833 1 0.25 3.61 -1.54 6395 -62 262 0.14 0.47 1.61 2170 -740 -305 0.24 0
0 -52 -220 -2.82 6818 1.91 3085 1 0.25 3.3 -2.09 6422 114 249 0.15 0.45 1.34 1890 -781 -333 0.24 0
0 -44 -187 -3.1 6896 1.69 3301 1 0.25 3.14 -2.5 6328 245 357 0.16 0.35 0.99 2113 -809 -337 -0.3 199
0 62 -296 -2.83 7157 2.05 3573 1 0.25 2.97 -2.37 5985 465 139 0.17 0.03 0.98 2814 -758 -430 0.0 0
0 105 -372 -2.63 7757 2.43 4177 1 0.25 2.44 -2.64 4794 652 -234 0.2 5.69 0.61 4342 -638 -381 0.07 198
0 196 -558 -2.71 8880 2.59 5236 1 0.27 1.85 3.05 2595 717 -739 0.21 5.06 -0.02 5719 -489 -293 -0.03 199
0 51 -384 -2.86 10040 2.59 6426 1 0.26 1.76 2.88 1739 -878 742 0.23 4.49 -0.68 6621 -449 -21 0.14 0
0 43 -326 -3.02 10361 2.47 6804 1 0.25 2.08 3.05 2699 -665 481 0.23 4.22 -1.08 6840 -327 82 0.31 0
0 36 -277 2.93 10637 2.16 7126 1 0.23 2.11 2.78 3329 -478 263 0.23 3.91 -1.71 7038 -278 69 0.24 0
1 -628 587 0.02 6336 -1.55 3898 0 0.22 2.15 -0.28 8487 -828 712 0.24 3.28 0.86 7510 -557 924 -0.16 99
1 -684 635 0.27 2219 -2.23 5533 0 0.24 2.53 0.26 11599 -407 329 0.26 2.43 0.16 9519 -166 594 -0.26 0
1 -581 539 0.64 1303 -2.07 6227 0 0.24 2.22 0.21 12517 -874 257 0.27 2.72 0.72 9783 -32 455 -0.3 0
1 -493 458 -1.85 6861 -2.15 11803 0 0.24 2.53 0.82 13123 -602 121 0.28 2.71 0.99 9826 127 317 -0.3 0
1 -279 482 -1.35 7869 -1.58 12995 0 0.25 2.22 1.12 13593 -172 -8 0.3 2.76 1.66 9390 458 261 -0.28 199
1 189 529 -0.84 8439 -0.98 13879 0 0.28 2.78 2.41 12747 633 50 0.34 2.71 2.34 7755 1006 169 -0.23 199
1 328 473 -0.7 8379 -0.8 13897 0 0.29 2.69 2.55 12058 857 -9 0.36 2.39 2.25 7058 1137 61 -0.28 199
1 447 378 -0.5 8195 -0.57 13769 0 0.3 2.64 2.78 11187 1046 -112 0.37 2.08 2.22 6426 1178 -50 -0.24 199
1 537 257 -0.33 7893 -0.37 13500 0 0.31 2.32 2.71 10158 1157 -276 0.38 1.76 2.15 5885 1175 -193 -0.31 199
1 586 109 -0.09 7477 -0.1 13098 0 0.33 2.64 -2.95 9024 1252 -423 0.39 1.45 2.15 5398 1113 -400 -0.23 199
0 193 -226 2.41 11223 1.69 7654 0 0.22 2.15 2.3 3618 -7 -101 0.24 3.28 -2.84 6691 264 111 -0.23 199
0 321 -255 2.65 11696 1.97 7951 0 0.22 2.16 2.55 3187 247 -289 0.24 2.97 -2.93 6193 548 3 0.07 199
0 434 -269 2.59 12268 1.96 8292 0 0.23 2.18 2.5 2449 468 -437 0.25 2.9 -3.07 5614 791 -93 0.3 0
0 368 -228 2.31 12756 1.71 8603 0 0.23 2.5 2.51 1638 532 -473 0.26 2.74 2.76 5173 827 -146 0.24 0
0 -307 -127 1.8 13054 1.22 8981 0 0.24 2.22 1.75 1553 -600 -409 0.27 2.72 2.25 5138 242 -211 0.24 0
0 -260 -107 1.53 12956 0.94 9076 0 0.24 2.53 1.82 2150 -369 -444 0.28 2.71 1.99 5324 360 -248 0.31 199
0 -64 348 0.66 12199 0.02 8334 0 0.26 2.53 0.93 2645 166 -166 0.32 2.44 0.84 5466 687 56 0.24 199
0 -94 559 0.7 11147 -0.02 7126 0 0.28 2.78 1.15 2177 350 80 0.34 2.71 1.08 5727 723 199 0.07 196
0 -68 831 0.96 8597 -0.07 3630 0 0.33 2.64 1.03 1526 598 299 0.39 1.45 -0.16 6719 459 322 0.3 0
1 572 -310 0.21 5659 0.3 11239 0 0.37 2.44 -2.65 5810 1247 -786 0.42 0.51 1.69 5081 745 -705 -0.1 199
1 466 -672 -0.05 2235 0.21 7754 0 0.4 1.45 2.57 5490 816 -921 0.43 6.23 1.06 5074 34 -882 0.26 199
1 579 -735 -0.06 4574 -1.66 3795 0 0.42 0.63 1.47 8096 693 -982 0.45 5.74 0.3 5901 -62 -665 -0.07 199
1 596 -758 0.01 3439 -1.88 3990 0 0.42 0.42 1.33 9058 556 -1030 0.45 5.43 0.05 7485 1964 -1345 -0.26 99
1 539 -722 0.29 2378 -1.85 4412 0 0.43 0.1 1.27 9853 337 -972 0.43 5.53 0.42 9767 1587 -1113 -0.28 196
1 478 -782 0.68 1319 -1.77 4961 1 0.43 6.07 1.24 10533 153 -962 0.42 5.71 0.87 11643 1226 -1021 -0.3 0
1 406 -664 -1.61 5550 -1.83 11866 1 0.44 5.78 1.24 10970 -18 -733 0.41 5.74 1.2 13038 896 -779 -0.31 0
1 345 -564 -1.39 6114 -1.55 12520 1 0.44 6.04 1.82 11249 -133 -593 0.41 5.76 1.54 14025 614 -577 -0.26 199
1 177 -603 -1.22 6556 -1.33 13037 1 0.45 5.72 1.76 11309 -373 -539 0.41 5.78 1.82 14651 256 -533 -0.28 199
0 -57 706 0.75 8115 -0.41 2804 0 0.34 2.64 0.73 2171 658 173 0.4 1.13 -0.77 6956 390 274 0.31 0
0 -48 600 0.51 7754 -0.77 2107 0 0.35 2.69 0.47 2964 704 75 0.43 0.82 -1.4 7185 331 233 -0.03 0
0 -40 510 0.61 7487 -0.82 1523 0 0.37 2.44 0.26 3699 635 34 0.42 0.51 -1.68 7274 133 115 0.17 0
0 -34 433 0.5 7291 -1.13 1042 0 0.38 2.39 0.03 4327 539 29 0.42 0.33 -2.02 7206 -43 45 -0.02 0
0 -384 454 0.67 5975 -3.06 1678 0 0.41 1.13 -1.33 5108 -87 243 0.44 5.92 -2.83 4370 -909 337 -0.14 199
0 -482 565 1.13 5025 -2.98 3319 0 0.42 0.63 -1.62 4490 -368 318 0.45 5.74 -2.79 1502 -1123 635 0.21 144
0 -213 409 1.04 4825 3.06 3947 0 0.42 0.42 -2.04 4135 -253 137 0.45 5.43 2.97 1458 1155 -178 -0.07 0
0 -181 347 1.21 4792 3.09 4387 0 0.43 0.1 -2.29 3740 -383 97 0.43 5.53 -3.14 2468 867 -44 0.1 0
0 -153 294 1.18 4798 2.96 4763 1 0.43 6.07 -2.71 3269 -478 114 0.42 5.71 -3.07 3151 595 55 0.3 0
0 -130 249 0.95 4828 2.65 5084 1 0.44 5.78 2.98 2808 -554 180 0.41 5.74 2.95 3560 360 134 0.12 0
0 -110 211 0.89 4871 2.51 5356 1 0.44 6.04 3.12 2430 -588 182 0.41 5.76 2.84 3742 159 198 0.16 0
0 -93 179 0.78 4919 2.35 5588 1 0.45 5.72 2.65 2272 -643 243 0.41 5.78 2.71 3740 -14 249 0.03 0
1 -162 -548 -0.82 7036 -0.83 13592 1 0.47 5.62 2.25 10804 -790 -303 0.41 6.11 2.74 14896 -399 -401 -0.26 100
1 -222 -462 -0.64 7146 -0.61 13697 1 0.48 5.67 2.57 10314 -894 -156 0.42 5.88 2.78 14637 -580 -272 -0.16 199
1 -520 -92 -0.29 6617 -0.14 13025 1 0.52 5.18 2.67 7953 -1192 426 0.45 5.85 -2.95 12331 -1126 222 -0.3 199
1 -544 57 -0.07 6191 0.13 12523 1 0.53 5.29 3.07 7051 -1176 591 0.46 5.83 -2.67 11200 -1212 398 -0.24 199
1 -443 453 0.29 4340 0.63 10484 1 0.56 4.4 2.72 4911 -841 969 0.5 5.95 -2.01 7322 -1235 865 0.3 199
1 -394 628 0.14 2719 0.65 8803 1 0.58 3.77 2.09 4770 -586 1079 0.53 5.34 -2.62 5125 -1180 1149 0.02 196
1 -355 702 0.02 1826 0.66 7918 1 0.59 3.6 1.9 5145 -514 1087 0.54 5.06 -2.91 4617 -1030 1165 0.03 198
1 -328 764 -0.3 918 0.68 7019 1 0.59 3.28 1.55 5601 -295 1114 0.55 4.75 3.02 4595 -907 1327 0.26 199
1 -348 804 0.49 6097 -1.17 3716 1 0.59 3.04 1.05 6150 -151 1083 0.56 4.43 2.44 5167 -799 1423 0.14 100
0 -79 152 0.78 4969 2.3 5785 1 0.46 5.52 2.41 2482 -660 318 0.41 5.79 2.69 3599 -161 291 0.07 0
0 -67 129 0.75 5018 2.23 5952 1 0.47 5.62 2.44 3014 -695 374 0.41 6.11 2.93 3331 -304 276 0.28 0
0 -56 109 0.5 5063 1.94 6094 1 0.48 5.67 2.22 3767 -728 415 0.42 5.88 2.43 3009 -414 299 0.23 0
0 -47 92 0.29 5105 1.71 6214 1 0.49 5.52 1.83 4661 -733 463 0.43 5.69 2.01 2746 -492 347 0.31 0
0 -39 78 -0.0 5142 1.4 6315 1 0.51 5.5 1.5 5652 -741 513 0.44 5.86 1.87 2616 -572 363 0.3 100
0 -74 -178 -0.62 4864 0.83 6253 1 0.53 5.29 0.68 7518 -706 356 0.46 5.83 1.22 2748 -742 163 0.1 0
0 -62 -321 -0.77 4536 0.77 6027 1 0.54 4.97 0.26 8220 -625 228 0.47 5.64 0.93 3041 -765 71 0.3 198
0 -3 -435 -1.15 4179 0.54 5675 1 0.56 4.71 -0.3 8745 -481 145 0.48 5.74 0.73 3452 -746 -15 0.05 198
0 55 -529 -1.33 3851 0.57 5227 1 0.56 4.4 -0.66 9032 -343 -13 0.5 5.95 0.89 3926 -737 -117 0.07 199
0 270 -688 -2.29 3891 0.64 3581 1 0.59 3.6 -1.8 8630 111 -303 0.54 5.06 -0.33 5293 -405 -225 0.28 0
0 229 -584 -2.73 4243 0.55 3207 1 0.59 3.28 -2.39 8218 262 -234 0.55 4.75 -0.93 5665 -350 -21 0.0 0
0 194 -496 -2.85 4615 0.74 2998 1 0.59 3.04 -2.64 7697 391 -217 0.56 4.43 -1.24 6000 -257 123 -0.17 100
1 -618 -178 0.04 4766 -1.94 4133 1 0.6 2.44 0.02 6812 -213 -142 0.6 3.8 1.38 7239 -888 339 -0.21 199
1 -627 -15 0.13 4229 -1.8 4804 1 0.61 2.25 0.03 6925 -176 -115 0.59 3.49 1.27 8240 -749 464 -0.26 101
1 -437 360 0.39 2546 -1.48 6261 1 0.64 2.53 0.86 6686 150 2 0.59 2.55 0.87 10001 -150 532 -0.3 199
1 -339 472 0.64 1869 -1.28 6576 1 0.65 2.46 1.08 6415 292 62 0.6 2.23 0.86 10250 10 485 -0.24 198
1 85 598 -0.76 6927 -1.03 11994 1 0.69 2.36 1.8 4862 720 38 0.62 2.46 1.9 9816 599 294 -0.3 100
1 423 366 -0.36 6487 -0.51 11951 1 0.72 2.53 2.65 3062 1001 -136 0.66 2.46 2.58 7703 1078 -93 -0.26 199
1 517 247 -0.19 6108 -0.3 11648 1 0.73 2.72 3.11 2872 1043 -195 0.67 2.44 2.83 6717 1203 -253 -0.09 199
0 622 275 -2.53 5632 1.27 2131 1 0.6 2.44 -2.91 6296 1027 311 0.6 3.8 -1.55 6208 352 792 -0.31 199
0 583 72 -2.17 6265 1.68 1462 1 0.61 2.25 -2.79 5515 1034 -28 0.59 3.49 -1.55 6130 461 551 -0.3 0
0 495 61 -1.84 6811 2.18 924 1 0.62 2.22 -2.53 4798 980 -159 0.59 3.18 -1.57 6039 539 474 -0.19 198
0 257 -250 -1.37 7662 -2.64 987 1 0.64 2.53 -1.71 3198 844 -608 0.59 2.55 -1.69 5344 544 -78 -0.24 199
0 106 -340 -1.17 7897 -2.31 1396 1 0.65 2.46 -1.54 2540 737 -750 0.6 2.23 -1.76 4737 455 -327 -0.31 199
0 -55 -376 -0.91 7984 -2.06 1833 1 0.66 2.36 -1.33 2203 602 -843 0.6 2.25 -1.43 4026 348 -497 -0.3 0
0 -46 -319 -0.66 8076 -1.8 2207 1 0.67 2.04 -1.34 2478 590 -866 0.61 2.27 -1.12 3230 405 -552 -0.28 0
0 -39 -271 -0.42 8168 -1.54 2526 1 0.69 2.36 -0.75 3236 596 -831 0.62 2.46 -0.65 2384 475 -575 -0.24 0
0 -33 -230 -0.2 8256 -1.31 2797 1 0.7 2.3 -0.56 4190 593 -803 0.63 2.46 -0.4 1536 535 -596 -0.31 0
0 -28 -195 0.08 8336 -1.0 3028 1 0.71 2.23 -0.31 5074 504 -682 0.64 2.48 -0.07 917 587 -611 -0.26 100
0 -79 -101 0.33 8314 -0.77 3151 1 0.72 2.53 0.24 5939 499 -603 0.66 2.46 0.17 1138 576 -560 -0.3 199
0 -133 227 0.96 7865 -0.28 2840 1 0.74 3.02 1.34 6985 330 -150 0.68 2.53 0.86 2571 589 -295 -0.3 199
0 -80 359 1.3 7583 -0.05 2445 1 0.76 3.02 1.64 7275 313 39 0.7 2.53 1.15 3390 673 -182 -0.17 0
0 -68 305 1.51 7355 0.05 2123 1 0.75 3.33 2.13 7527 266 33 0.71 2.39 1.19 4087 572 -154 -0.09 100
1 586 -284 0.29 3727 0.36 9336 1 0.75 3.65 -1.43 5380 869 -515 0.72 2.43 -2.65 4494 1130 -674 -0.07 198
1 547 -403 0.29 2965 0.41 8555 1 0.74 3.96 -1.05 6218 787 -599 0.73 2.32 -2.69 4849 1009 -734 -0.1 199
1 558 -664 -0.07 4825 -1.63 3688 0 0.73 5.15 -0.33 9618 581 -471 0.75 1.1 1.9 8112 721 -987 -0.23 99
1 518 -637 0.16 3859 -1.66 3790 0 0.74 5.46 0.21 10227 433 -361 0.75 0.79 1.82 9025 538 -1030 -0.12 199
1 509 -696 0.3 2847 -1.79 4097 0 0.74 5.65 0.52 10693 299 -362 0.75 0.51 1.66 9909 378 -1112 -0.31 95
1 441 -676 0.69 1912 -1.67 4533 0 0.75 5.81 0.99 10941 112 -315 0.76 0.21 1.68 10650 164 -1065 -0.31 0
1 374 -574 1.15 1137 -1.49 5015 0 0.75 5.99 1.48 11013 -24 -231 0.76 6.21 1.71 11212 1 -894 -0.3 0
1 147 -532 -1.09 5821 -1.25 12247 1 0.77 0.33 2.71 10590 -445 -342 0.77 5.79 1.88 11706 -412 -657 -0.28 0
1 124 -452 -0.89 6147 -1.0 12628 1 0.78 0.26 2.91 10215 -543 -336 0.78 5.48 1.85 11680 -468 -438 -0.3 199
1 -221 -344 -0.5 6260 -0.53 12810 1 0.8 6.14 3.05 8893 -1013 -262 0.79 4.97 1.88 11084 -727 -214 -0.28 199
0 -20 335 1.64 7178 0.05 1762 1 0.75 3.65 2.53 7741 263 104 0.72 2.43 1.31 4699 524 -55 -0.3 0
0 -17 284 1.98 7042 0.24 1469 1 0.74 3.96 3.14 7930 223 88 0.73 2.32 1.5 5220 445 -47 0.19 100
0 30 313 1.84 6963 -0.08 1139 1 0.74 4.28 -3.02 8108 234 147 0.73 2.04 1.03 5698 422 32 0.26 0
0 25 266 1.63 6911 -0.52 884 0 0.74 4.59 -2.97 8266 198 125 0.74 1.73 0.45 6105 358 28 0.24 0
0 21 226 1.42 6877 -1.02 707 0 0.73 4.9 -2.9 8301 135 273 0.76 1.41 -0.1 6452 304 24 0.03 0
0 17 192 1.42 6856 -1.37 611 0 0.73 5.15 -2.69 8205 40 385 0.75 1.1 -0.45 6690 180 -131 0.21 0
0 14 163 1.24 6843 -1.9 589 0 0.74 5.46 -2.58 7992 -71 439 0.75 0.79 -0.98 6787 34 -230 -0.07 0
0 11 138 1.33 6836 -2.1 620 0 0.74 5.65 -2.32 7653 -199 472 0.75 0.51 -1.19 6735 -120 -278 0.07 0
0 -165 344 0.9 6524 3.12 1367 0 0.76 0.02 -2.23 5871 -673 633 0.76 6.09 -2.44 5327 -646 104 0.19 199
0 -270 401 0.78 6227 2.91 1935 1 0.77 0.33 -2.11 5017 -862 591 0.77 5.79 -2.93 4304 -829 276 0.21 0
0 -229 340 0.64 6005 2.69 2418 1 0.78 0.26 -2.39 4238 -896 456 0.78 5.48 2.83 3251 -821 354 -0.05 0
0 -194 289 0.76 5843 2.74 2828 1 0.79 0.17 -2.43 3574 -928 358 0.79 5.29 2.69 2188 -790 442 0.05 0
0 569 69 0.52 5972 2.33 3206 1 0.82 0.17 -2.74 3083 -271 109 0.8 5.17 2.25 1192 773 193 0.19 0
1 -508 294 0.25 4070 0.41 10548 1 0.87 5.2 -3.11 4972 -1284 539 0.81 6.0 -2.3 8082 -787 555 -0.16 99
1 -485 420 -0.01 2691 0.24 9131 1 0.89 4.57 2.39 4751 -1051 811 0.83 5.78 -2.69 5928 -959 755 -0.07 199
0 483 58 0.31 6538 1.97 3020 1 0.83 6.14 3.04 3139 -399 115 0.8 5.36 2.25 1880 568 278 0.26 0
0 410 49 0.04 7019 1.54 2942 1 0.85 5.83 2.46 3341 -492 171 0.8 5.67 2.3 2402 388 302 0.31 199
0 202 -45 -0.29 7236 1.15 2850 1 0.86 5.52 1.83 3672 -665 156 0.8 5.99 2.3 2550 65 207 0.28 199
0 -27 -290 -0.94 7155 0.59 2317 1 0.88 4.89 0.63 4593 -710 53 0.82 5.79 1.54 1929 -410 8 0.21 198
0 -64 -411 -1.22 7012 0.46 1853 1 0.89 4.57 0.1 5056 -630 -20 0.83 5.78 1.31 1365 -538 -76 0.0 190
0 31 -179 -1.3 6862 0.64 1312 1 0.9 4.26 -0.21 5439 -406 241 0.84 5.71 1.24 806 -378 526 0.09 198
1 594 234 0.04 8967 -0.73 7750 1 0.02 0.58 0.23 929 2 8 0.0 0.19 -0.16 2052 390 195 0.12 199
1 656 275 -0.09 8130 -0.93 7177 1 0.03 0.61 0.14 949 15 -15 0.01 0.51 0.03 2175 343 373 0.05 199
1 704 318 -0.14 7221 -1.09 6638 1 0.04 0.3 -0.23 924 -3 21 0.01 0.54 0.02 2319 292 315 -0.14 199
1 660 -104 1.79 1728 -2.93 6098 1 0.11 4.9 -2.29 1042 130 -180 0.1 0.51 -0.4 3197 91 -239 0.09 0
1 561 -88 1.78 2375 -3.12 6325 1 0.11 4.59 -2.69 1171 121 -66 0.1 0.82 -0.17 3253 56 -225 0.24 0
1 476 -74 1.58 2933 2.84 6565 1 0.11 4.38 3.14 1163 158 105 0.11 0.51 -0.73 3265 0 -216 0.23 0
0 0 0 0.4 10369 -0.25 8821 1 0.0 0.29 0.31 999 0 0 0.0 0.19 0.21 2000 0 0 0.1 100
0 238 -22 0.27 9991 -0.36 10272 1 0.02 0.58 0.75 2042 -354 -248 0.0 0.19 0.37 910 34 -61 -0.16 175
0 413 0 0.7 9103 0.01 9526 1 0.04 0.3 0.89 2256 -294 -297 0.01 0.54 1.13 910 1 -3 -0.05 174
0 445 76 0.76 8558 0.03 9054 1 0.05 0.1 0.75 2505 -325 -194 0.02 0.4 1.05 904 -102 185 -0.1 199
0 502 -51 0.88 7979 0.1 8541 1 0.06 0.14 0.89 2823 -292 -445 0.03 0.56 1.31 891 -106 -49 -0.14 108
0 598 -400 1.46 5330 0.17 5225 1 0.12 5.39 0.09 5185 -157 -494 0.08 0.12 1.1 2067 -114 -547 -0.05 199
0 595 -485 1.68 5042 0.2 4329 1 0.12 5.08 -0.17 5577 -59 -533 0.09 0.19 1.22 2547 -10 -609 0.23 99
0 564 -473 1.62 4920 -0.06 3472 1 0.11 4.9 -0.58 5935 34 -549 0.1 0.51 1.31 3116 -5 -608 -0.14 0
0 479 -402 1.91 4936 0.03 2748 1 0.11 4.59 -0.75 6199 39 -380 0.1 0.82 1.76 3675 -26 -539 0.28 0
0 407 -341 1.76 5034 -0.31 2141 1 0.11 4.38 -1.24 6258 89 -162 0.11 0.51 1.17 4219 -69 -483 -0.24 0
1 313 114 1.16 3728 2.24 7144 0 0.12 3.98 2.23 1306 280 478 0.12 0.21 -1.54 3253 -30 12 0.31 0
1 103 199 0.64 4092 1.6 7694 1 0.13 3.87 1.5 2473 330 647 0.12 5.88 -2.78 3031 -147 128 0.23 199
1 -58 256 0.48 3996 1.41 7876 1 0.14 4.03 1.43 3232 239 767 0.12 5.57 2.97 2699 -270 196 0.26 199
1 -350 218 0.07 3345 0.94 7929 1 0.16 3.74 0.56 4737 8 716 0.12 4.96 1.78 1635 -608 406 0.3 199
1 -576 -101 -0.48 1535 0.46 7113 1 0.18 2.97 -0.91 5769 -243 227 0.13 4.15 0.28 2516 -616 397 0.17 199
1 -594 -219 -0.75 797 0.37 6640 1 0.18 2.86 -1.19 5716 -298 56 0.13 3.84 -0.21 3094 -522 293 0.26 199
1 -571 -342 0.2 6085 -0.77 3403 1 0.19 2.65 -1.66 5492 -320 -109 0.14 3.63 -0.68 3492 -367 168 0.28 196
1 -506 -459 0.01 5457 -1.15 2659 1 0.2 2.37 -2.22 5102 -275 -279 0.15 3.58 -1.01 3658 -179 47 0.31 199
1 -284 -635 -0.27 4022 -2.23 1852 1 0.2 1.76 3.02 3515 -17 -797 0.17 3.58 -1.45 3206 150 -226 0.23 99
1 -197 -612 -0.42 3323 -2.84 2026 1 0.21 1.52 2.55 2483 20 -919 0.17 3.28 -1.97 2910 -19 -289 0.17 73
0 345 -289 2.1 5176 -0.15 1636 0 0.11 4.07 -1.31 6125 172 -8 0.13 0.52 1.43 4686 -59 -409 0.12 0
0 293 -245 2.06 5334 -0.4 1225 0 0.12 3.98 -1.52 5815 260 119 0.12 0.21 0.99 5085 -50 -347 0.17 0
0 249 -208 1.95 5494 -0.78 906 1 0.12 3.67 -2.01 5366 368 186 0.12 6.18 0.51 5425 -42 -294 0.3 0
0 211 -176 1.7 5646 -1.38 688 1 0.13 3.87 -2.09 4793 438 272 0.12 5.88 -0.09 5714 -39 -247 0.24 0
0 179 -149 1.5 5786 -2.03 586 1 0.14 4.03 -2.18 4116 476 362 0.12 5.57 -0.65 5958 -33 -209 0.05 0
0 152 -126 1.48 5911 -2.48 593 1 0.15 3.93 -2.34 3356 525 428 0.12 5.27 -0.99 6046 -119 -34 0.26 0
0 129 -107 1.25 6023 -3.03 666 1 0.16 3.74 -2.79 2674 487 391 0.12 4.96 -1.57 6016 -129 81 0.19 0
0 109 -90 1.08 6121 2.87 764 1 0.16 3.58 3.14 2041 506 377 0.12 4.76 -1.95 5818 -118 239 0.26 0
0 92 -76 0.83 6205 2.48 863 1 0.17 3.26 2.57 1580 429 320 0.12 4.45 -2.53 5494 -63 342 0.28 0
0 78 -64 0.57 6278 2.12 955 1 0.18 2.97 1.99 1330 411 264 0.13 4.15 -3.11 5027 38 434 0.24 0
0 67 123 0.07 6195 1.68 1113 1 0.19 2.65 1.15 1339 318 356 0.14 3.63 2.13 3682 271 633 0.31 198
0 15 269 -0.24 5878 1.63 1187 1 0.2 2.37 0.56 1496 246 449 0.15 3.58 1.76 2707 342 775 0.28 100
0 -582 358 -1.21 4718 1.89 1615 1 0.21 1.52 -1.1 1696 -365 51 0.17 3.28 0.66 1258 -404 681 -0.26 18
1 -221 243 -0.65 3173 2.84 1928 1 0.22 1.54 2.2 1234 -100 -289 0.18 2.78 -2.84 2891 167 400 -0.28 199
1 152 -344 0.13 2463 -2.58 2688 1 0.26 2.16 -2.58 2808 395 -855 0.21 1.82 -2.93 1435 510 -673 -0.31 199
1 82 -455 0.44 1919 -2.33 3193 1 0.26 2.46 -1.97 3992 400 -980 0.22 1.61 -2.83 1290 391 -904 -0.24 99
1 27 -460 0.72 1380 -2.15 3685 1 0.26 2.78 -1.41 5230 455 -967 0.23 1.29 -2.9 1903 242 -1005 -0.24 0
1 -131 -412 -1.72 4505 -0.87 9115 1 0.27 3.4 -0.23 7449 486 -741 0.24 1.92 -1.71 3869 28 -950 -0.3 0
1 -263 -276 -1.24 5095 -0.35 9020 1 0.28 3.89 0.87 8932 355 -367 0.26 2.55 -0.47 5681 21 -796 -0.28 0
1 -362 68 -0.57 5278 0.43 8246 1 0.3 4.8 2.65 9116 98 419 0.27 3.47 1.33 7496 212 -224 -0.3 199
0 -192 -695 -1.08 4669 2.5 1784 1 0.21 1.38 -0.98 1226 -41 -1122 0.18 2.98 0.63 1704 90 -442 -0.23 0
0 -163 -590 -0.85 5390 2.97 1158 1 0.22 1.54 -0.59 1531 -42 -1122 0.18 2.78 0.65 1222 225 -433 0.26 199
0 -619 52 -1.38 7040 -2.49 2745 1 0.26 2.16 -0.21 4132 -376 -459 0.21 1.82 -0.56 1762 -261 -277 -0.3 0
0 -502 318 -1.34 7685 -2.31 4621 1 0.27 3.09 0.99 5226 31 -121 0.23 1.61 -0.49 3276 -314 -315 0.23 199
0 -542 394 -1.67 7874 -2.6 5354 1 0.27 3.4 1.08 5139 75 65 0.24 1.92 -0.4 3729 -383 -144 0.0 199
0 -589 527 -1.76 8444 -2.58 7029 1 0.28 3.89 1.69 4359 29 436 0.26 2.55 0.35 4433 -305 7 -0.31 100
0 -434 690 -1.63 9429 -2.31 9499 1 0.3 4.8 3.02 1449 26 1041 0.27 3.47 1.69 4043 140 398 -0.02 167
0 -431 427 -1.68 9818 -2.32 10212 1 0.3 5.11 -2.93 1303 -729 -725 0.28 3.7 1.94 3630 201 268 -0.16 0
1 -295 357 -0.13 4657 1.06 7238 1 0.29 4.8 -3.02 8977 -560 -481 0.29 3.98 2.44 7376 319 307 -0.12 198
1 -224 471 -0.09 4167 1.23 6733 0 0.28 4.49 3.07 8791 -411 -75 0.29 4.29 2.88 6989 367 583 -0.26 199
1 -121 555 0.09 3579 1.58 6318 0 0.28 4.4 -3.04 8396 -228 253 0.3 4.61 -2.83 6515 396 787 -0.3 199
1 8 600 0.31 2916 1.98 6078 0 0.27 4.4 -2.74 7871 -30 506 0.31 4.9 -2.23 6159 434 862 0.05 199
1 184 691 -0.06 1367 2.09 6149 0 0.28 4.35 -2.95 6648 261 915 0.32 5.46 -1.83 5770 323 1117 0.28 0
1 156 587 -0.69 743 1.92 6342 0 0.28 4.42 3.12 6175 271 939 0.32 5.71 -1.87 5867 236 973 0.31 0
1 132 498 1.69 6563 -1.22 3760 0 0.29 4.4 2.79 5894 282 958 0.34 5.97 -1.92 6057 137 846 0.28 0
1 112 423 1.48 6787 -1.62 3474 0 0.3 4.43 2.55 5841 286 976 0.34 0.0 -1.88 6147 -53 718 0.23 199
1 7 505 1.34 6952 -2.01 3357 0 0.31 4.75 2.64 5868 149 1144 0.34 0.31 -1.8 6080 -294 703 0.31 99
1 -58 484 1.1 7083 -2.5 3418 0 0.32 5.06 2.64 6060 42 1082 0.35 0.58 -1.85 5895 -456 559 0.28 0
1 -49 411 0.89 7228 -2.91 3543 0 0.32 5.38 2.67 6420 36 919 0.36 0.65 -2.06 5631 -522 372 0.3 199
1 -516 49 0.07 6322 2.15 5557 0 0.35 0.14 2.62 6249 -893 346 0.39 0.35 2.83 3477 -1127 -214 0.28 199
0 -366 362 -1.56 10221 -2.17 10804 1 0.29 4.8 -3.09 2193 -631 -476 0.29 3.98 2.37 3243 248 312 -0.24 0
0 -311 307 -1.36 10579 -1.94 11308 0 0.28 4.49 3.12 2798 -498 -239 0.29 4.29 2.93 2824 280 419 -0.3 0
0 -264 260 -1.09 10892 -1.65 11736 0 0.28 4.4 -2.95 3156 -371 -42 0.3 4.61 -2.74 2518 253 492 -0.31 0
0 -224 221 -0.8 11165 -1.34 12100 0 0.27 4.4 -2.64 3316 -262 127 0.31 4.9 -2.13 2409 202 483 -0.31 199
0 -36 259 -0.51 11226 -1.05 12309 0 0.28 4.4 -2.32 3125 -16 340 0.31 5.15 -1.57 2488 264 614 -0.16 199
0 405 155 0.07 10353 -0.48 12014 0 0.29 4.4 -1.66 1493 555 615 0.34 5.97 -0.09 3736 410 503 -0.31 199
0 633 -248 0.63 7648 -0.08 9749 0 0.32 5.38 -0.14 3287 718 260 0.36 0.65 1.41 3784 160 -287 0.07 100
0 603 -265 0.59 6905 -0.18 9050 0 0.34 5.69 0.1 3921 595 221 0.36 0.58 1.27 3335 58 -390 0.0 199
0 642 -334 0.64 6119 -0.22 8272 0 0.34 6.0 0.42 4432 514 114 0.37 0.66 1.36 2719 56 -538 -0.17 199
0 635 -502 1.24 4648 0.08 6519 0 0.35 0.14 1.22 4832 258 -205 0.39 0.35 1.43 1105 24 -765 -0.26 146
1 -529 -444 -0.26 3638 1.89 7807 0 0.37 0.77 2.72 4463 -1152 -598 0.4 0.77 2.72 4373 -820 -514 0.26 196
1 -470 -546 -0.5 2792 1.71 8347 0 0.38 0.89 2.58 4433 -1103 -803 0.4 0.65 2.34 4895 -852 -708 0.12 0
1 -399 -634 -0.65 1913 1.67 8862 0 0.39 0.58 2.15 4827 -1037 -917 0.41 0.33 1.9 5660 -852 -816 0.28 0
1 400 -457 0.48 9822 -0.22 7560 0 0.44 6.09 -0.23 8829 135 -592 0.46 5.13 -1.19 9830 -107 -493 0.3 199
1 605 110 -0.22 7957 -1.14 4845 0 0.46 4.85 -2.39 7733 441 191 0.47 4.26 -2.98 8359 440 483 0.07 199
0 597 -368 1.64 4100 0.28 5775 0 0.35 0.45 1.8 4793 135 -185 0.39 0.66 2.01 1094 650 -6 0.16 0
0 507 -312 1.63 3674 0.06 5174 0 0.36 0.77 1.95 4619 -8 -275 0.39 0.68 1.87 1494 421 -112 0.23 0
0 430 -265 1.55 3385 -0.24 4686 0 0.36 0.45 1.41 4284 -160 -308 0.39 0.73 1.69 1713 231 -209 0.3 0
0 365 -225 1.39 3206 -0.6 4293 0 0.37 0.77 1.43 3824 -258 -379 0.4 0.77 1.43 1796 74 -295 0.21 0
0 310 -191 1.32 3112 -0.88 3979 0 0.38 0.89 1.34 3292 -323 -448 0.4 0.65 1.1 1798 -72 -353 0.28 0
0 263 -162 1.15 3076 -1.23 3730 0 0.39 0.58 0.75 2750 -375 -445 0.41 0.33 0.51 1775 -190 -344 0.1 0
0 223 -137 1.15 3080 -1.4 3535 0 0.4 0.75 0.82 2210 -443 -493 0.42 0.42 0.49 1792 -309 -357 -0.02 0
0 189 -116 1.25 3106 -1.45 3384 0 0.41 0.56 0.65 1827 -455 -467 0.43 0.1 0.19 1887 -411 -318 0.26 0
0 160 -98 1.06 3146 -1.77 3266 0 0.42 0.65 0.47 1702 -470 -458 0.43 6.07 -0.38 2106 -350 -269 0.3 0
0 136 -83 0.82 3191 -2.11 3176 0 0.43 0.33 -0.14 1861 -405 -391 0.44 5.76 -0.99 2367 -297 -228 0.07 0
0 115 -70 0.8 3237 -2.23 3106 0 0.44 0.12 -0.42 2149 -197 -229 0.45 5.45 -1.38 2630 -400 -295 -0.24 0
0 97 -59 1.08 3281 -2.02 3052 0 0.44 6.09 -0.49 2366 -168 -194 0.46 5.13 -1.45 2855 -410 -95 -0.1 199
0 549 167 1.65 3116 -2.53 4156 0 0.46 4.85 -1.78 2454 385 248 0.47 4.26 -2.37 1091 384 540 0.31 36
1 601 239 -0.25 7250 -1.31 4217 1 0.46 4.54 -2.78 6934 491 475 0.46 4.1 3.07 8071 185 -515 0.02 199
1 595 350 -0.24 6465 -1.48 3702 1 0.47 4.35 -2.98 5909 562 709 0.45 4.42 -2.91 7837 293 -128 0.0 199
1 598 516 -0.1 4686 -1.9 3327 1 0.48 4.19 -3.05 3458 724 1011 0.45 4.14 -3.11 6559 532 405 0.17 198
1 580 592 -0.26 3713 -2.34 3619 1 0.49 4.29 -3.12 2387 748 1151 0.45 3.87 2.74 5548 650 611 -0.31 199
1 608 627 0.08 2689 -2.26 4162 1 0.49 4.26 -2.84 2113 750 1102 0.45 4.05 -3.05 4352 772 775 -0.31 0
1 516 532 0.45 1822 -2.09 4752 1 0.5 4.12 -2.67 2700 636 935 0.45 4.36 -2.43 3284 714 817 -0.31 0
1 438 452 0.86 1095 -1.87 5314 1 0.5 4.08 -2.39 3532 540 794 0.46 4.21 -2.27 2465 687 843 -0.28 0
1 372 384 -1.66 5822 -2.7 3116 1 0.51 3.77 -2.43 4412 526 724 0.47 4.17 -2.02 2186 670 862 -0.14 0
1 316 326 -1.56 6272 -2.49 3606 1 0.51 3.46 -2.6 5214 450 616 0.48 3.93 -2.13 2590 688 853 -0.28 99
1 342 235 -1.34 6639 -2.19 4088 1 0.52 3.14 -2.64 5909 511 481 0.49 4.12 -1.66 3345 708 755 -0.31 99
1 348 137 -1.07 6914 -1.89 4528 1 0.53 2.83 -2.64 6488 653 294 0.5 3.96 -1.5 4272 775 703 -0.21 99
1 340 -125 -0.75 7119 -1.53 5230 1 0.54 2.2 -2.83 7189 777 -234 0.51 3.33 -1.69 5704 647 283 -0.3 171
1 291 -276 -0.51 6983 -1.31 5455 1 0.54 1.88 -2.84 7250 715 -530 0.52 3.04 -1.69 6089 551 70 -0.31 99
0 429 20 1.49 3301 -2.93 4532 1 0.46 4.54 -2.41 2358 319 256 0.46 4.1 -2.84 1343 13 -734 0.31 0
0 364 17 1.28 3538 2.97 4834 1 0.47 4.35 -2.91 2320 331 376 0.45 4.42 -2.84 1873 62 -461 0.12 0
0 309 14 1.23 3767 2.8 5104 1 0.47 4.08 2.98 2437 358 423 0.45 4.14 3.04 2202 122 -285 0.28 0
0 262 11 1.01 3977 2.48 5342 1 0.48 4.19 2.81 2733 388 506 0.45 4.14 2.76 2329 196 -100 0.28 0
0 222 9 0.78 4165 2.17 5548 1 0.49 4.29 2.64 3192 390 568 0.45 3.87 2.22 2354 292 28 0.31 199
0 122 164 0.52 4156 1.87 5783 1 0.49 4.26 2.29 3654 264 639 0.45 4.05 2.08 2119 286 312 0.14 199
0 -106 362 0.29 3652 1.59 6225 1 0.5 4.08 1.73 4554 -4 704 0.46 4.21 1.85 1371 143 753 0.3 0
0 -374 233 -0.42 2494 0.9 6487 1 0.52 3.14 -0.1 5813 -205 479 0.49 4.12 0.87 2965 -8 753 0.19 199
0 -480 148 -0.61 1903 0.8 6356 1 0.53 2.83 -0.61 6000 -175 305 0.5 3.96 0.52 3654 -53 714 -0.05 199
0 -630 -18 -1.47 644 0.76 5919 1 0.54 2.2 -1.5 5776 -193 -127 0.51 3.33 -0.37 4504 -323 390 0.26 99
0 -593 -77 0.61 5691 -0.47 2893 1 0.54 1.88 -2.08 5338 -169 -331 0.52 3.04 -0.93 4746 -333 269 0.12 199
0 -603 -203 0.61 5396 -0.59 2144 1 0.55 1.57 -2.51 4593 -243 -588 0.52 2.76 -1.33 4800 -351 78 -0.05 100
1 98 -411 -0.05 6452 -0.9 5662 1 0.55 1.26 -2.9 7066 381 -807 0.53 2.57 -1.59 6434 357 -202 -0.26 199
1 -170 -497 0.23 5401 -0.74 5401 1 0.56 0.79 -3.0 6264 -137 -998 0.54 2.06 -1.73 6036 201 -595 0.28 199
1 -444 -567 0.28 3102 -1.03 4851 0 0.54 1.43 -2.2 5537 -301 -22 0.55 1.33 -2.3 4484 -252 -1001 -0.1 199
1 -535 -545 0.37 2204 -1.11 4724 0 0.54 1.52 -2.01 5001 -422 -252 0.56 1.13 -2.39 3986 -445 -1067 -0.3 199
1 -624 -478 0.74 1287 -1.01 4641 0 0.54 1.2 -2.02 4267 -589 -388 0.56 1.45 -1.78 3808 -570 -1090 -0.26 0
1 -530 -406 -0.92 4713 -0.18 9702 0 0.54 1.22 -1.75 3617 -559 -488 0.57 1.13 -1.83 4076 -485 -926 -0.3 199
1 -602 -268 -0.79 4730 0.06 9162 0 0.54 1.2 -1.47 2939 -688 -496 0.58 1.45 -1.22 4436 -569 -752 -0.28 199
1 -636 -112 -0.67 4685 0.29 8538 0 0.55 1.34 -1.05 2411 -745 -464 0.59 1.76 -0.63 4748 -608 -523 -0.31 101
1 -532 148 -0.36 4520 0.82 7310 0 0.56 1.41 -0.38 2269 -668 -218 0.59 2.37 0.58 5319 -391 -267 -0.31 195
1 -437 295 -0.18 4280 1.15 6691 0 0.56 1.73 0.24 2482 -528 -169 0.59 2.69 1.2 5473 -165 -133 -0.31 199
1 -305 407 0.02 3939 1.5 6148 0 0.57 2.04 0.87 2572 -382 13 0.6 3.0 1.83 5452 94 19 -0.12 199
1 -174 493 0.02 3502 1.69 5716 0 0.57 2.36 1.31 2515 -223 143 0.6 3.25 2.2 5261 318 181 -0.26 199
0 -615 -306 1.17 4928 -0.5 629 1 0.56 1.05 -2.76 2722 -453 -775 0.53 2.37 -1.43 4495 -273 -246 -0.14 199
0 -670 -345 1.49 4822 -2.6 345 1 0.56 0.79 -2.88 1491 -637 -846 0.54 2.06 -1.61 4032 -299 -443 0.31 29
0 -530 -119 1.32 4919 2.91 991 1 0.56 0.94 -3.04 1304 -211 1050 0.54 1.75 -2.23 3593 -190 -338 0.26 0
0 -450 -101 1.16 5140 2.51 1508 1 0.55 1.12 -3.12 2183 -253 739 0.54 1.43 -2.81 3167 -184 -455 0.3 0
0 -382 -85 0.94 5364 2.16 1959 0 0.54 1.43 -3.11 2759 -239 460 0.55 1.33 3.07 2735 -190 -519 0.31 0
0 -324 -72 0.69 5577 1.81 2344 0 0.54 1.52 2.95 3067 -211 221 0.56 1.13 2.57 2383 -234 -594 0.3 0
0 -275 -61 0.44 5773 1.49 2672 0 0.54 1.2 2.34 3180 -240 29 0.56 1.45 2.58 2189 -221 -673 0.14 0
0 -233 -51 0.33 5949 1.34 2952 0 0.54 1.22 2.22 3150 -262 -133 0.57 1.13 2.13 2265 -188 -571 0.24 0
0 -198 -43 0.12 6104 1.09 3188 0 0.54 1.2 1.95 3037 -284 -271 0.58 1.45 2.2 2506 -165 -527 0.16 0
0 -168 -36 -0.01 6240 0.92 3390 0 0.55 1.34 1.94 2885 -277 -388 0.59 1.76 2.36 2815 -140 -447 0.21 0
0 -142 -30 -0.2 6359 0.71 3560 0 0.55 1.1 1.48 2814 -302 -461 0.59 2.06 2.44 3130 -119 -379 0.14 0
0 -120 -25 -0.33 6462 0.56 3704 0 0.56 1.41 1.66 2871 -256 -391 0.59 2.37 2.62 3385 21 -440 0.09 0
0 -102 -21 -0.4 6550 0.47 3826 0 0.56 1.73 1.88 2935 -193 -485 0.59 2.69 2.84 3577 170 -449 0.1 0
0 -86 -17 -0.49 6625 0.36 3930 0 0.57 2.04 2.09 3086 -163 -411 0.6 3.0 3.05 3703 313 -405 0.31 0
0 -73 -14 -0.8 6690 0.05 4017 0 0.57 2.36 2.09 3258 -122 -364 0.6 3.25 2.98 3778 419 -326 0.28 0
1 -27 539 0.17 2979 2.06 5469 0 0.58 2.29 1.5 2304 -65 238 0.61 3.56 2.78 4968 530 337 -0.26 199
1 124 543 0.33 2385 2.44 5462 0 0.59 2.6 2.08 1959 92 288 0.61 3.74 -3.07 4727 732 462 0.0 199
1 252 546 0.22 1716 2.56 5684 0 0.59 2.91 2.39 1438 390 291 0.62 4.05 -2.76 4666 874 610 0.3 199
1 330 588 -0.33 994 2.38 6076 0 0.6 3.18 2.36 878 617 377 0.62 4.36 -2.74 4852 914 793 0.31 0
1 280 499 2.16 6467 -0.75 3861 0 0.6 3.49 2.36 1031 683 378 0.63 4.59 -2.83 5276 796 824 0.31 0
1 238 424 1.91 6833 -1.16 3431 0 0.61 3.75 2.3 1789 720 418 0.64 4.87 -2.86 5819 657 821 0.3 0
1 202 360 1.66 7166 -1.57 3102 0 0.62 3.72 1.97 2741 754 446 0.65 5.18 -2.84 6348 480 848 0.19 0
1 171 306 1.51 7462 -1.87 2858 0 0.62 3.44 1.5 3756 780 420 0.65 5.5 -2.72 6801 287 841 0.31 0
1 145 260 1.23 7721 -2.3 2684 0 0.63 3.47 1.22 4646 732 -169 0.67 5.69 -2.84 7159 104 810 0.19 199
1 -7 330 1.08 7851 -2.63 2738 0 0.63 3.79 1.34 5266 542 4 0.67 6.0 -2.72 7341 -171 835 0.31 100
1 -84 312 0.82 7905 -3.06 2925 0 0.64 4.05 1.29 5802 442 113 0.68 6.21 -2.83 7380 -393 751 0.3 199
1 -485 173 0.49 7179 2.63 4416 0 0.65 4.99 1.73 6292 -178 432 0.69 0.45 -2.81 6491 -1080 298 0.31 199
1 -566 75 0.24 6699 2.35 5069 0 0.65 5.31 1.73 6099 -401 436 0.7 0.77 -2.81 6040 -1194 64 0.26 199
1 -611 -45 0.05 6119 2.14 5732 0 0.66 5.62 1.78 5739 -605 366 0.71 1.06 -2.78 5584 -1227 -203 0.21 199
0 -62 -11 -1.07 6746 -0.23 4091 0 0.58 2.29 1.75 3440 -100 -312 0.61 3.56 3.02 3800 495 -213 0.0 0
0 -52 -9 -1.07 6794 -0.24 4153 0 0.59 2.6 2.06 3620 -84 -264 0.61 3.74 -3.09 3772 556 -90 0.26 0
0 -44 -7 -1.32 6835 -0.5 4205 0 0.59 2.91 2.11 3623 94 -262 0.62 4.05 -3.04 3687 578 57 0.24 0
0 -37 -5 -1.56 6869 -0.75 4250 0 0.6 3.18 2.13 3469 250 -216 0.62 4.36 -2.97 3557 547 200 0.31 0
0 -31 -4 -1.87 6899 -1.06 4286 0 0.6 3.49 2.13 3174 372 -125 0.63 4.59 -3.05 3395 485 321 0.19 0
0 290 -112 -1.08 6555 -0.21 3508 0 0.63 3.79 -2.95 2207 839 -438 0.67 6.0 -0.73 2871 126 393 0.23 199
0 378 11 -1.35 6207 -0.41 3074 0 0.64 4.05 -2.91 3123 904 -188 0.68 6.21 -0.75 3049 69 450 -0.14 199
0 467 96 -1.28 5861 -0.26 2515 0 0.64 4.36 -2.46 4043 951 30 0.68 0.09 -0.45 3271 36 453 0.24 199
0 573 275 -1.64 5443 -0.54 1140 0 0.65 4.99 -1.95 5773 880 534 0.69 0.45 -0.21 3761 -22 400 -0.21 0
0 487 233 -1.55 5386 -0.69 574 0 0.65 5.31 -1.43 6473 652 594 0.7 0.77 0.31 3806 -141 222 -0.26 99
0 497 214 -1.4 5379 -1.83 385 0 0.66 5.62 -0.86 7081 503 625 0.71 1.06 0.87 3751 -119 56 -0.28 0
1 -475 -526 -0.59 3093 1.62 8118 0 0.68 0.45 2.08 3222 -960 -360 0.75 0.73 2.36 5910 -1105 -972 0.14 103
1 -396 -531 -0.73 2313 1.55 8603 0 0.69 0.68 2.16 2677 -939 -498 0.76 0.75 2.23 6809 -1056 -1025 0.31 99
1 -303 -529 -1.1 1602 1.3 9021 0 0.69 0.51 1.68 2564 -909 -581 0.77 0.44 1.61 7759 -864 -948 0.3 0
1 -257 -449 -1.5 1007 1.06 9405 0 0.7 0.73 1.61 3013 -898 -606 0.77 0.73 1.61 8334 -470 -161 0.21 100
1 31 -426 0.63 9778 -0.05 8984 0 0.72 0.56 0.91 4582 -695 -710 0.77 1.29 1.64 9188 -230 -432 0.16 199
1 333 -323 0.32 9472 -0.4 8102 0 0.75 0.52 0.45 6140 -464 -684 0.77 1.9 1.83 9294 183 -578 0.31 199
1 440 -210 0.05 9096 -0.71 7532 0 0.76 0.21 -0.17 6625 -237 -516 0.78 2.22 1.83 9102 313 -426 0.09 199
1 644 94 -0.07 7273 -1.07 5595 0 0.78 5.55 -1.36 6642 616 -152 0.79 2.78 2.15 7318 223 361 0.24 199
1 656 210 -0.28 6491 -1.42 5032 0 0.79 5.24 -1.92 6004 548 149 0.8 3.05 2.18 6684 404 428 -0.09 199
0 422 181 -1.22 5431 -2.2 795 0 0.67 5.93 -0.26 7523 310 573 0.72 0.75 0.84 3511 -225 -69 -0.26 0
0 358 153 -1.04 5516 -2.1 1225 0 0.67 6.11 0.17 7754 96 514 0.73 0.96 1.31 3116 -286 -195 0.23 0
0 304 130 -1.34 5616 -2.4 1602 0 0.67 0.14 0.26 7784 -87 413 0.74 0.98 1.1 2584 -339 -306 0.02 0
0 258 110 -1.41 5721 -2.45 1926 0 0.68 0.45 0.56 7634 -227 276 0.75 0.73 0.84 2002 -372 -336 0.31 0
0 219 93 -1.77 5823 -2.79 2203 0 0.69 0.68 0.47 7332 -324 126 0.76 0.75 0.54 1320 -441 -401 -0.07 99
0 270 90 -1.75 5935 -2.75 2530 0 0.69 0.51 0.37 6986 -336 38 0.77 0.44 0.3 817 -291 -329 -0.31 35
0 260 145 -1.49 6124 -2.44 2878 0 0.7 0.73 0.91 6569 -381 -12 0.77 0.73 0.91 1279 47 433 0.02 0
0 221 123 -1.55 6297 -2.46 3176 0 0.71 0.61 0.77 6023 -463 -107 0.77 0.98 1.13 1521 -55 226 -0.31 0
0 187 104 -1.26 6452 -2.15 3429 0 0.72 0.56 1.03 5362 -539 -180 0.77 1.29 1.76 1619 -74 98 -0.09 0
0 158 88 -1.2 6587 -2.06 3643 0 0.74 0.52 1.08 4602 -606 -238 0.77 1.59 2.15 1509 -61 -87 -0.24 0
0 134 74 -0.98 6704 -1.82 3824 0 0.75 0.52 1.33 3756 -663 -287 0.77 1.9 2.71 1296 -16 -181 -0.3 0
0 113 62 -0.7 6805 -1.52 3977 0 0.76 0.21 1.31 3038 -564 -244 0.78 2.22 -2.97 1114 -14 -154 -0.31 102
0 109 -31 -0.4 6800 -1.23 4071 0 0.77 6.18 1.31 2392 -466 -291 0.78 2.16 -2.71 824 28 -253 -0.31 57
0 101 15 -0.11 6843 -0.93 4182 0 0.77 5.86 1.31 1801 -489 -160 0.79 2.46 -2.09 1062 173 204 -0.3 0
0 85 12 0.18 6884 -0.64 4278 0 0.78 5.55 1.29 1491 57 -234 0.79 2.78 -1.48 1292 -336 279 -0.09 0
0 72 10 0.25 6919 -0.56 4359 0 0.79 5.24 1.06 1422 -36 -51 0.8 3.05 -1.12 1536 -180 228 -0.17 0
1 677 298 -0.17 5635 -1.49 4592 0 0.79 5.13 -1.94 5238 516 401 0.8 3.37 2.58 5777 629 521 0.03 199
1 751 454 0.2 2716 -1.87 4577 0 0.8 4.38 -2.41 2211 774 753 0.81 4.14 -2.65 2481 942 1022 -0.3 100
1 -473 159 0.71 1686 -1.47 5216 0 0.82 4.4 -1.83 2161 -420 618 0.83 4.0 -2.23 2962 -286 625 -0.09 199
1 -29 114 0.31 1814 -1.59 5503 0 0.83 4.01 -2.39 3393 115 592 0.84 3.61 -2.79 4145 181 524 0.16 199
1 138 143 0.1 1597 -1.78 5658 0 0.84 3.7 -2.86 3915 300 574 0.85 3.3 3.02 4654 408 506 -0.31 100
1 331 42 0.79 946 -1.26 5840 0 0.85 3.07 -2.86 4765 524 348 0.87 2.67 3.02 5530 525 303 -0.17 199
1 477 -167 -0.96 5731 -2.02 3364 1 0.87 2.5 -2.95 5249 661 18 0.87 2.11 2.95 5848 786 -205 -0.28 100
1 442 -218 -0.79 5629 -1.85 3814 0 0.87 2.2 -2.97 5327 697 -199 0.87 1.94 3.05 5872 765 -406 -0.17 199
1 422 -348 -0.72 5437 -1.79 4260 0 0.87 1.88 -3.11 5250 691 -493 0.87 1.62 2.91 5818 704 -646 -0.26 114
1 360 -380 -0.57 5246 -1.63 4679 0 0.88 1.57 3.12 5130 588 -673 0.88 1.31 2.86 5736 556 -797 -0.26 198
0 -76 -104 0.57 6806 -0.26 4293 0 0.79 4.82 0.96 1337 -231 152 0.8 3.51 -0.35 1983 41 146 0.23 199
0 -253 -317 0.49 6059 -0.49 3590 0 0.8 4.38 0.4 1318 -230 -18 0.81 4.14 0.16 2267 -62 251 0.02 199
0 484 -366 0.43 4997 -0.74 3971 0 0.82 4.1 0.24 1939 625 163 0.84 3.93 0.07 2978 732 117 -0.28 199
0 49 -345 0.87 4416 -0.34 4433 0 0.84 3.7 0.44 2558 211 86 0.85 3.3 0.03 3550 319 18 -0.31 199
0 -392 -112 1.24 3417 -0.31 3757 0 0.85 2.76 -0.26 2728 -228 147 0.86 2.36 -0.66 3628 -126 8 0.31 199
0 -500 -127 1.08 3061 -0.74 3308 1 0.87 2.5 -0.84 2613 -316 58 0.87 2.11 -1.22 3338 -191 -165 0.3 99
0 -500 -147 0.97 2769 -1.19 2932 0 0.87 2.2 -1.43 2365 -245 -128 0.87 1.94 -1.69 2898 -177 -335 -0.21 199
0 -588 -171 1.44 2576 -1.22 2606 0 0.87 1.88 -1.54 1902 -319 -316 0.87 1.62 -1.8 2242 -306 -469 0.02 199
0 -662 -195 1.74 2590 -1.55 2453 0 0.88 1.57 -1.87 1284 -434 -488 0.88 1.31 -2.13 1338 -466 -612 0.14 58
1 134 -558 -0.23 4567 -1.28 5337 1 0.88 1.78 -2.37 4731 148 -811 0.87 0.89 3.02 7327 1036 -227 -0.31 199
1 -16 -583 -0.03 4095 -1.09 5541 1 0.89 1.95 -1.88 4598 59 -955 0.86 1.2 -2.64 7978 692 -453 -0.3 99
1 -376 -369 0.55 2546 -0.54 5669 1 0.91 2.55 -0.42 5184 -204 -762 0.86 0.89 -2.08 8187 -193 -600 0.03 199
1 -566 -172 0.79 1193 -0.5 5232 1 0.93 3.0 0.31 5827 -144 -540 0.86 0.86 -1.83 7155 -624 -565 -0.3 199
1 -503 387 0.03 3414 1.16 7717 1 0.96 3.82 2.18 5672 175 465 0.89 6.27 -1.66 3760 -922 78 -0.31 198
1 -386 493 0.2 2818 1.53 7107 1 0.97 3.84 2.51 5470 321 667 0.9 6.16 -1.45 2959 -759 233 -0.3 199
0 -542 132 2.11 3335 -2.03 2375 1 0.88 1.78 -1.62 1201 -528 -121 0.87 0.89 -2.51 1891 360 463 -0.21 0
0 -460 112 2.39 3826 -2.06 2420 1 0.89 1.95 -1.24 1563 -385 -260 0.86 1.2 -1.99 2299 248 242 0.14 0
0 -501 101 2.67 4805 -2.26 2851 1 0.9 2.23 -0.79 2294 -298 -362 0.86 0.86 -2.16 2326 -168 -27 -0.17 199
0 -588 135 2.89 5474 -2.27 3297 1 0.91 2.55 -0.3 2851 -416 -258 0.86 0.89 -1.95 1933 -405 -96 0.28 100
0 -584 116 2.65 6138 -2.67 3829 1 0.92 2.69 -0.44 3286 -285 -291 0.86 0.91 -2.22 1432 -520 -197 -0.28 100
0 -577 123 2.96 6806 -2.49 4399 1 0.93 3.0 0.16 3571 -155 -245 0.86 0.86 -1.99 1040 -635 -270 -0.3 0
0 -490 104 -3.0 7377 -2.26 4908 1 0.94 3.32 0.77 3630 35 -178 0.87 0.54 -2.01 1215 -685 -317 -0.16 0
0 -416 88 -2.83 7863 -2.15 5353 1 0.94 3.63 1.24 3490 179 -70 0.88 0.31 -2.08 1899 -721 -316 -0.12 0
0 -353 74 -2.7 8278 -2.06 5738 1 0.95 3.77 1.5 3179 290 40 0.88 0.16 -2.11 2766 -752 -291 0.21 0
0 -300 62 -2.9 8630 -2.29 6070 1 0.96 3.82 1.34 2720 378 140 0.89 6.27 -2.5 3629 -719 -247 -0.21 0
0 -255 52 -2.68 8929 -2.1 6354 1 0.97 3.84 1.57 2137 452 226 0.9 6.16 -2.39 4392 -628 -208 0.1 0