1 576 547 -0.18 1369 2.2 7862 1 0.04 1.12 -0.12 976 224 60 0.02 0.77 -0.47 2492 56 279 0.31 57
1 490 490 -0.13 624 1.93 8592 1 0.05 0.86 -0.7 1097 161 43 0.03 0.84 -0.72 2505 -59 144 0.31 30
1 409 440 1.65 9226 2.04 9833 1 0.05 0.56 -1.31 1183 115 52 0.04 1.15 -0.72 2536 -64 163 0.31 10
1 342 380 1.37 9770 1.73 10434 1 0.05 0.24 -1.94 1244 79 47 0.04 1.47 -0.72 2575 -60 145 -0.31 199
1 330 137 -1.64 837 -3.06 8993 0 0.04 5.95 -0.75 978 279 -559 0.05 2.09 1.68 1559 41 -32 -0.31 0
1 404 64 -1.84 1128 -2.45 9804 0 0.03 5.32 -0.75 1835 315 -382 0.06 2.72 2.93 1477 397 -181 -0.31 0
1 343 54 -1.76 1411 -2.15 10193 0 0.03 5.1 -0.66 2060 205 -167 0.06 3.04 -2.72 1745 485 -170 -0.31 144
0 305 56 0.33 5677 -2.7 3239 1 0.01 0.68 0.65 1870 -111 -474 0.0 0.7 0.66 824 136 -64 -0.31 114
0 462 166 0.32 4640 -2.72 4274 1 0.03 0.49 0.45 1972 -119 -357 0.01 0.61 0.58 1126 47 103 -0.05 10
0 567 238 -0.25 2791 2.96 6116 1 0.05 0.86 0.24 1871 238 -209 0.03 0.84 0.23 872 18 -108 -0.07 18
0 421 377 -0.22 2169 3.03 6744 1 0.05 0.56 0.02 1791 127 -11 0.04 1.15 0.61 841 -52 100 0.31 199
0 468 449 -0.75 1515 2.75 7471 1 0.05 0.24 -0.61 1517 205 116 0.04 1.47 0.61 1057 66 214 0.31 199
0 188 247 0.51 10763 0.84 11673 0 0.03 5.64 2.51 1231 111 -319 0.06 2.41 -0.72 2651 28 26 0.31 199
0 -2 160 0.21 10851 0.53 11809 0 0.03 5.32 1.88 1378 -91 -286 0.06 2.72 -0.72 2565 -9 -85 0.21 198
0 -150 52 0.02 10729 0.34 11737 0 0.03 5.1 1.45 1364 -288 -169 0.06 3.04 -0.61 2407 -8 -172 0.02 157
1 -319 -32 -0.27 10207 0.05 11376 0 0.03 4.49 0.51 1059 -390 118 0.07 3.58 -0.4 2391 78 -90 0.17 198
1 -360 -171 -0.44 9741 -0.1 10954 0 0.03 4.17 0.02 1148 -334 102 0.07 3.77 -0.38 2402 114 -120 -0.31 199
1 -717 -458 0.0 4823 0.6 6559 0 0.07 3.33 -0.38 2667 -181 13 0.12 3.93 0.21 2281 -110 20 0.0 199
1 -751 -482 0.01 3773 0.7 5723 0 0.08 3.23 -0.49 2822 -127 -68 0.12 4.24 0.52 2163 -166 60 0.0 199
1 -780 -503 0.01 2680 0.84 4940 0 0.09 3.33 -0.38 2937 -83 -118 0.13 4.56 0.84 1918 -276 2 0.31 30
1 -678 -447 -0.3 1724 0.69 4358 0 0.1 3.35 -0.68 2866 75 -86 0.15 4.87 0.84 1780 -266 79 0.31 30
1 -585 -403 -0.63 887 0.56 3953 0 0.11 3.54 -0.8 2648 197 -37 0.15 5.18 0.84 1793 -312 195 0.31 19
1 -60 -570 0.04 2633 1.75 4012 0 0.14 4.63 -0.98 1774 417 -311 0.16 0.16 0.84 1906 -254 -177 0.31 9
0 347 -466 -1.75 2237 -1.36 10937 0 0.03 4.17 -0.65 3142 373 -193 0.07 3.77 -1.05 4119 821 -415 -0.31 192
0 260 -562 -1.68 2669 -1.12 11050 0 0.04 4.1 -0.4 3563 380 -192 0.08 3.82 -0.68 5114 795 -412 -0.31 197
0 137 -625 -1.57 3118 -0.87 11052 0 0.04 4.05 -0.14 3972 325 -200 0.08 3.82 -0.37 6040 723 -390 -0.31 199
0 -9 -645 -1.45 3552 -0.62 10932 0 0.05 3.98 0.1 4308 265 -159 0.09 4.0 0.12 6815 600 -317 -0.31 199
0 -695 -270 -1.8 5295 -0.35 7835 0 0.1 3.35 0.09 4680 58 91 0.15 4.87 1.61 7387 -283 256 -0.3 10
0 -659 -113 -1.42 6019 0.15 6521 0 0.12 3.68 1.03 4644 116 264 0.15 5.5 2.84 6278 -525 493 0.31 10
0 -568 -94 -1.83 6376 -0.22 5935 0 0.12 4.0 1.03 4580 90 226 0.16 5.81 2.84 5660 -526 457 0.31 199
1 -43 -487 -0.07 2382 1.49 4545 0 0.15 4.94 -0.98 1698 326 -112 0.16 0.47 0.84 1888 -321 -211 0.31 10
1 -28 -414 -0.18 2254 1.21 5001 0 0.15 5.25 -0.98 1564 198 50 0.17 0.58 0.63 1969 -314 -213 0.31 10
1 -15 -349 -0.31 2215 0.92 5386 0 0.15 5.57 -0.98 1372 48 156 0.17 0.89 0.63 2103 -197 -91 0.21 10
1 -5 -292 -0.36 2232 0.73 5709 0 0.16 5.88 -0.87 1192 -32 171 0.16 1.12 0.65 2230 -159 -73 0.16 199
1 134 -357 0.07 2020 0.98 6095 1 0.16 6.23 -0.37 1095 -151 -280 0.16 1.59 1.27 2123 24 -199 0.31 199
1 251 -203 -0.06 1867 0.72 6252 1 0.17 0.26 -0.37 1290 -58 -156 0.16 1.66 1.03 1837 172 -238 0.31 10
1 218 -165 -0.2 1781 0.45 6391 1 0.16 0.21 -0.73 1159 561 141 0.16 1.64 0.7 1567 163 -350 0.31 197
1 324 -2 -0.36 1306 0.11 6220 0 0.16 0.1 -1.27 1020 447 -15 0.17 2.11 0.73 1024 394 -376 0.16 0
1 275 6 -0.29 1160 0.0 6193 0 0.16 0.33 -1.2 1264 231 -55 0.17 1.8 0.26 967 316 -245 0.24 192
1 111 81 -0.02 5605 0.52 8600 0 0.17 0.07 -1.57 1000 160 -295 0.18 1.5 -0.14 1130 111 -217 -0.02 0
1 94 68 0.02 5530 0.55 8595 0 0.17 0.02 -1.61 1188 71 -162 0.18 1.62 0.0 1487 -5 -384 0.02 0
1 79 57 0.02 5470 0.55 8593 0 0.17 6.27 -1.66 1351 46 -138 0.19 1.85 0.21 1998 26 -434 0.02 0
0 -693 -366 2.91 9058 -2.06 3986 0 0.15 5.25 1.03 3155 -467 98 0.17 0.58 2.64 1625 -979 -165 0.31 120
0 13 568 2.57 9757 -2.56 3961 0 0.15 5.57 1.03 2529 76 1073 0.17 0.89 2.64 820 -169 826 0.31 0
0 -14 241 2.47 9153 -2.5 3192 0 0.16 5.92 1.34 1758 -119 665 0.16 1.43 -3.14 2019 -144 427 -0.17 197
0 26 -84 2.02 9405 -3.02 3324 1 0.16 0.21 1.47 1101 369 222 0.16 1.64 2.9 1754 -29 -269 -0.31 0
0 22 -71 2.35 9445 -2.71 3411 0 0.16 0.35 1.92 1384 196 147 0.16 1.8 -2.91 1362 2 -340 0.31 0
0 -161 608 2.29 9164 -2.67 2831 0 0.16 0.33 1.9 1646 -205 547 0.17 1.8 -2.91 1200 -120 357 0.31 0
0 -136 516 1.91 8902 -2.92 2220 0 0.16 0.14 1.4 1899 -272 450 0.17 1.55 2.81 1577 -102 303 0.31 0
0 -115 438 1.54 8709 3.13 1713 0 0.17 0.07 1.01 2178 -396 371 0.18 1.52 2.46 1825 -114 87 0.31 0
0 -97 372 1.18 8567 2.94 1298 0 0.17 0.07 0.7 2305 -48 -4 0.18 1.5 2.13 1945 -97 74 -0.14 0
0 83 195 0.94 8268 -3.08 946 0 0.17 6.27 0.44 2308 50 0 0.19 1.85 2.3 1598 30 -296 0.31 199
1 67 48 0.01 5420 0.54 8592 0 0.17 6.07 -1.87 1450 -8 -107 0.2 1.99 0.33 2622 91 -524 0.02 191
1 39 209 0.01 5180 0.54 8422 0 0.16 5.86 -2.09 1334 -46 87 0.2 2.02 0.35 2676 -115 110 0.31 196
1 1 242 -0.0 4467 0.58 7827 0 0.16 5.24 -2.74 904 206 -192 0.2 2.27 0.58 2145 -109 171 0.12 0
1 0 205 -0.12 4227 0.47 7644 0 0.16 5.25 -2.84 1107 140 -107 0.2 2.58 0.77 1984 -93 145 0.0 0
1 -35 396 -0.5 2791 0.12 6747 0 0.16 5.59 -3.04 1708 -6 580 0.2 1.95 -0.38 895 79 696 -0.31 104
1 17 277 -0.14 2469 0.48 6547 0 0.16 5.86 -2.44 2104 -30 464 0.21 1.99 -0.03 1268 591 -61 0.23 0
1 14 235 -0.33 2213 0.29 6399 0 0.17 6.18 -2.36 2460 -80 399 0.21 1.68 -0.58 1819 501 -52 0.07 0
1 11 199 -0.35 2000 0.25 6281 0 0.17 0.17 -2.15 2756 -125 328 0.21 1.38 -0.94 2303 424 -44 -0.31 0
1 9 169 0.01 1823 0.59 6184 0 0.17 0.49 -1.52 2954 -187 235 0.2 1.15 -0.86 2709 321 -124 0.02 198
1 -173 374 -0.23 994 0.35 5558 0 0.18 1.12 -1.22 3486 -427 230 0.2 0.63 -1.71 2769 -76 49 0.31 199
0 239 143 0.63 7940 3.12 1172 0 0.17 6.07 -0.07 2293 164 -12 0.2 1.99 2.13 1008 263 -429 0.31 121
0 27 508 0.27 7650 3.14 1294 0 0.16 5.86 -0.59 2558 -58 386 0.2 2.02 1.85 1092 -127 409 -0.31 0
0 22 431 0.53 7420 -2.49 1492 0 0.16 5.55 -0.59 2954 -61 337 0.2 2.34 2.48 1519 -108 347 -0.31 0
0 18 366 0.79 7248 -1.97 1760 0 0.16 5.24 -0.59 3197 223 -68 0.2 2.27 2.72 1882 -92 295 -0.31 0
0 109 -70 1.68 6876 -0.96 2233 0 0.16 4.99 0.1 3227 101 -5 0.2 2.69 -2.2 1965 145 -163 -0.31 186
0 70 -228 2.04 6878 -0.76 2117 0 0.16 4.97 0.4 3151 252 -134 0.2 2.55 -2.02 1479 206 -378 -0.31 196
0 -13 -347 2.41 7035 -0.62 1879 0 0.16 5.27 1.01 2963 92 -189 0.21 2.25 -2.01 830 153 -537 -0.31 41
0 -37 167 2.7 7014 -0.22 1928 0 0.16 5.59 1.64 3331 -8 351 0.2 1.95 -1.99 1318 77 467 0.31 0
0 -31 141 2.36 6992 -0.45 1996 0 0.16 5.86 1.61 3690 -78 328 0.21 1.99 -2.27 1345 543 -197 -0.31 0
0 -26 119 2.65 6977 -0.07 2063 0 0.17 6.18 2.23 3997 -120 283 0.21 1.68 -2.27 1513 461 -168 -0.31 0
0 -22 101 2.95 6966 0.29 2126 0 0.17 0.17 2.83 4244 -158 230 0.21 1.38 -2.25 1794 391 -142 -0.23 199
0 -434 94 -2.55 7983 1.7 1750 0 0.18 1.12 -1.66 4605 -688 -50 0.2 0.63 -2.15 1198 -337 -231 -0.31 15
1 -418 368 -0.17 4431 2.68 2725 0 0.19 1.75 -1.22 3828 -591 -45 0.2 0.65 -2.32 2132 -288 124 0.19 51
1 -139 139 -0.34 4001 2.49 3171 0 0.19 2.06 -1.1 3720 -206 -362 0.2 0.35 -2.81 1903 -29 -68 -0.31 199
1 -407 153 -0.22 3114 2.62 4052 1 0.2 2.39 -0.68 3445 -282 -398 0.19 6.04 2.97 1779 -214 16 -0.14 199
1 -511 166 -0.07 2481 2.8 4665 1 0.21 2.71 -0.23 3422 -267 -366 0.19 5.9 2.97 1369 -355 53 -0.05 116
1 -123 -102 -0.02 1835 2.89 5288 1 0.22 2.9 0.02 3376 249 -594 0.19 5.62 2.74 893 397 -416 -0.02 199
1 -267 -38 -0.09 1551 2.94 5542 1 0.23 3.02 0.16 2924 216 -475 0.18 5.39 2.53 1139 101 -213 -0.31 199
1 -367 63 0.14 1125 -3.01 5961 1 0.23 3.12 0.58 2582 213 -311 0.18 5.53 2.98 1029 -137 -9 -0.31 19
1 -201 -116 0.31 796 -2.68 6299 1 0.24 3.26 1.03 2159 418 -418 0.18 5.85 -2.67 856 -34 -295 -0.21 141
1 -201 105 -2.19 6802 -1.71 11218 1 0.25 3.46 1.69 1338 318 -105 0.18 5.74 -2.3 946 -224 -34 -0.31 8
1 -140 90 -1.57 7226 -1.1 11574 1 0.26 3.77 2.64 1252 -175 579 0.18 5.46 -1.95 1134 -227 3 -0.31 199
1 145 253 -1.01 7319 -0.52 11401 1 0.25 3.16 2.65 2126 173 611 0.18 5.39 -1.4 877 83 191 -0.31 40
0 214 68 -2.27 8378 2.27 1898 0 0.18 1.43 -1.03 4761 -25 -222 0.2 0.4 -2.06 880 368 -220 -0.03 198
0 -78 313 -2.16 8691 2.65 2907 1 0.2 2.16 -0.07 4579 -77 -200 0.19 0.07 -2.16 1141 344 103 -0.31 8
0 -69 274 -1.88 8754 2.97 3238 1 0.2 2.39 0.47 4289 56 -277 0.19 6.04 -2.16 1300 124 137 -0.31 0
0 -58 241 -1.6 8817 -2.99 3530 1 0.21 2.71 1.1 3889 186 -291 0.19 5.9 -1.99 1441 98 128 -0.31 0
0 -49 204 -1.31 8877 -2.68 3777 1 0.22 2.9 1.61 3381 323 -288 0.19 5.62 -1.95 1557 471 -110 -0.31 0
0 -41 173 -1.02 8932 -2.36 3987 1 0.23 3.02 2.04 2805 442 -264 0.18 5.39 -1.87 1925 327 -2 -0.31 0
0 -34 147 -0.73 8983 -2.04 4164 1 0.23 3.12 2.46 2216 546 -227 0.18 5.53 -1.41 2171 196 75 -0.31 0
0 -28 124 -0.43 9027 -1.73 4315 1 0.24 3.26 2.91 1750 591 -178 0.18 5.85 -0.79 2247 139 -55 -0.31 0
0 -23 105 -0.13 9066 -1.41 4442 1 0.25 3.19 -3.12 1539 575 -147 0.18 5.81 -0.51 2222 13 -98 -0.31 0
0 -19 89 0.17 9099 -1.1 4550 1 0.25 3.46 -2.55 1606 500 -121 0.18 5.74 -0.26 2156 -42 -50 -0.31 0
0 -16 75 0.48 9127 -0.78 4641 1 0.26 3.72 -1.97 1860 449 -87 0.18 5.74 0.05 1975 -175 42 -0.31 0
0 -13 63 0.79 9152 -0.47 4717 1 0.26 3.77 -1.61 2317 -48 552 0.18 5.46 0.09 1853 -100 -24 -0.31 198
0 45 -259 1.46 9001 0.15 4273 1 0.25 3.16 -1.59 2797 73 99 0.18 5.39 0.65 1695 -17 -321 -0.31 199
1 197 47 -0.43 7125 0.09 11067 1 0.25 2.64 2.76 2626 408 219 0.18 5.27 -0.89 1235 -73 -126 -0.31 199
1 397 -142 0.15 6305 0.74 10217 1 0.25 2.08 2.83 2752 647 -138 0.19 5.15 -0.38 1175 63 14 -0.09 198
1 511 -321 0.1 4994 0.77 9099 1 0.25 1.61 2.32 3184 720 -528 0.2 5.18 -0.38 818 161 83 0.05 29
1 615 -472 -0.16 2478 0.63 7536 1 0.26 0.79 1.12 5201 645 -773 0.21 4.68 -1.27 1489 306 -240 0.31 30
1 548 -401 -0.4 1691 0.41 7090 1 0.26 0.51 0.52 5943 426 -740 0.22 4.4 -1.87 1713 302 -154 0.31 199
1 619 277 -0.47 3856 2.0 5559 1 0.28 5.41 -2.15 7656 69 364 0.22 2.91 1.64 4405 901 413 -0.09 197
0 -463 -416 -2.99 10502 2.48 2641 1 0.25 1.85 -1.33 1376 -221 -518 0.19 4.96 1.78 2865 -786 -119 -0.31 199
0 -613 -164 -2.34 11962 -2.82 3653 1 0.25 1.34 -1.2 923 -450 -402 0.2 4.87 2.32 4343 -1036 47 -0.31 199
0 -625 -5 -2.03 12684 -2.46 4364 1 0.25 1.1 -1.13 1214 -542 -312 0.21 4.83 2.6 5257 -991 226 -0.31 198
0 -506 301 -1.46 13862 -1.87 5747 1 0.26 0.51 -1.1 2147 -628 -38 0.22 4.4 2.79 6849 -752 548 -0.31 199
0 260 435 -0.09 14102 -0.67 7321 1 0.28 5.41 -0.91 4426 -290 522 0.22 2.91 2.88 7686 542 571 -0.31 199
1 573 487 -0.2 2178 2.26 7103 1 0.29 5.32 -2.09 7196 6 805 0.23 2.43 1.29 6746 1021 418 0.31 32
1 490 439 -0.41 1427 1.99 7799 1 0.3 5.45 -2.29 6949 -106 835 0.24 2.29 0.84 7918 977 256 0.31 31
1 411 398 -0.5 799 1.71 8404 1 0.31 5.53 -2.51 6714 -211 843 0.24 2.32 0.56 9015 923 138 0.31 28
1 337 360 1.43 8922 1.83 9499 1 0.32 5.53 -2.83 6548 -276 816 0.25 2.01 -0.07 9937 772 139 0.31 198
1 162 422 1.16 9287 1.54 9985 1 0.32 5.78 -2.9 6379 -440 855 0.25 1.69 -0.7 10593 531 235 0.31 199
1 -15 431 0.89 9483 1.26 10338 1 0.34 6.09 -2.9 6262 -554 804 0.26 1.41 -1.29 10986 298 273 0.31 199
1 533 211 -0.1 6762 0.33 8549 1 0.38 2.32 -1.61 3884 344 -305 0.28 5.72 1.8 6521 72 267 -0.31 199
1 301 101 0.2 7113 0.62 8816 1 0.38 2.64 -0.98 3354 273 -411 0.29 5.43 1.82 6331 -201 277 -0.31 199
1 88 58 0.51 7237 0.92 8926 1 0.39 2.95 -0.35 2890 231 -409 0.29 5.34 2.04 5907 -439 344 0.31 199
0 467 178 0.49 13152 -0.19 6945 1 0.29 5.32 -0.37 5034 -100 496 0.23 2.43 3.02 6232 915 109 0.02 199
0 539 58 0.46 12530 -0.29 6566 1 0.3 5.45 -0.26 5305 -57 454 0.24 2.29 2.86 5201 1026 -125 0.24 199
0 808 -84 0.04 9146 -1.21 4842 1 0.34 6.09 -0.02 5851 269 289 0.26 1.41 1.59 2722 1121 -242 -0.31 10
0 694 -75 0.35 8325 -1.07 4672 1 0.34 0.12 0.61 5980 68 221 0.26 1.12 1.61 3265 944 -240 -0.31 10
0 595 -69 0.66 7619 -0.91 4633 1 0.35 0.44 1.24 6147 -91 111 0.27 0.84 1.64 3880 771 -249 -0.02 10
0 511 -64 0.68 7012 -1.02 4680 1 0.35 0.75 1.57 6286 -196 -27 0.27 0.54 1.36 4425 603 -251 0.03 9
0 584 -202 0.31 5167 -1.82 5033 1 0.37 1.69 2.09 5669 80 -568 0.27 6.07 0.19 5340 252 -307 0.31 199
0 -361 -767 -0.06 4284 -2.6 5044 1 0.38 2.32 2.18 4673 -550 -1283 0.28 5.72 -0.7 5173 -822 -711 0.31 199
0 -154 -576 -0.23 4566 -3.0 4493 1 0.38 2.64 2.18 4768 -182 -1088 0.29 5.43 -1.31 4468 -656 -400 0.31 198
0 -9 -370 -0.46 4692 2.88 4255 1 0.39 2.95 2.18 4759 134 -837 0.29 5.34 -1.71 3875 -536 -84 0.31 198
1 -76 -28 0.2 7146 0.62 8853 1 0.39 3.26 -0.35 2485 214 -404 0.3 5.41 1.8 5313 -633 345 0.19 199
1 -379 -298 -0.01 5867 0.48 7716 1 0.4 3.72 -0.1 1787 166 -296 0.32 5.79 1.97 3205 -933 112 0.0 136
1 -315 -268 -0.5 4448 -0.07 7238 1 0.44 4.0 -0.66 1628 327 216 0.36 1.03 2.65 5728 -1037 -376 -0.21 197
1 -310 -392 -0.27 3865 0.19 6745 1 0.45 4.28 -0.17 1637 249 49 0.36 1.34 -3.11 6280 -954 -613 -0.16 196
1 -331 -488 -0.1 3171 0.4 6153 1 0.46 4.4 0.1 1682 193 39 0.37 1.66 -2.64 6864 -864 -845 -0.03 198
1 -355 -567 -0.05 2384 0.51 5494 1 0.46 4.71 0.45 1677 90 -12 0.37 1.97 -2.29 7540 -765 -972 0.31 28
1 -161 -674 0.1 3579 2.39 1961 1 0.49 5.65 0.72 1631 -108 -81 0.38 2.9 -2.04 9102 -61 -1110 0.31 199
0 71 -163 -0.72 4676 2.52 4239 1 0.39 3.26 2.18 4564 361 -539 0.3 5.41 -1.95 3261 -486 210 0.24 198
0 90 -404 -1.17 3962 2.2 4995 1 0.41 4.03 2.58 2006 660 -271 0.34 6.11 -1.62 2012 -526 -29 0.31 193
0 44 -176 -1.43 3975 1.84 4946 1 0.42 4.08 2.32 1560 627 75 0.34 0.14 -1.62 1904 -648 120 0.31 198
0 -44 0 -1.74 4024 1.53 4899 1 0.42 4.01 1.94 1076 560 342 0.35 0.45 -1.62 2208 -785 178 0.31 199
0 -161 116 -2.11 4164 1.26 4795 1 0.43 4.0 1.61 808 463 535 0.35 0.77 -1.62 2879 -913 150 0.31 0
0 -136 98 -2.46 4288 0.99 4715 1 0.44 4.0 1.29 1298 506 582 0.36 1.03 -1.68 3581 -858 -10 0.31 199
0 -537 -152 2.5 6281 0.06 3142 1 0.48 5.03 1.06 3051 -192 420 0.37 2.29 -1.68 7001 -798 -597 0.26 0
0 -456 -129 2.24 6836 -0.08 2702 1 0.48 5.34 1.12 3427 -234 454 0.38 2.6 -1.62 7608 -532 -595 0.14 0
0 -387 -110 2.11 7308 -0.09 2368 1 0.49 5.65 1.29 3867 -334 483 0.38 2.9 -1.47 7984 -287 -546 0.14 0
0 -329 -94 1.97 7709 -0.08 2126 1 0.49 5.97 1.47 4335 -435 459 0.39 3.21 -1.29 8140 -75 -452 0.14 0
1 86 -721 -0.28 2024 2.02 3521 1 0.5 6.28 0.72 1152 -109 -251 0.39 3.49 -2.08 9484 462 -968 0.17 194
1 121 -417 -0.26 1230 1.95 4259 1 0.51 0.31 0.86 814 -256 227 0.39 3.68 -2.06 9461 572 -546 0.21 199
1 263 -409 -0.31 677 1.82 4701 1 0.5 0.61 0.94 964 -153 71 0.4 3.84 -2.11 9163 772 -414 0.31 30
1 249 -348 1.57 5097 2.17 7993 1 0.5 0.93 0.94 1045 -174 -33 0.4 3.98 -2.29 8778 796 -227 0.31 199
1 374 -246 1.34 5398 1.88 8480 1 0.5 1.24 0.94 959 -40 -139 0.41 3.91 -2.67 8186 961 -26 0.31 189
1 372 126 0.89 5524 1.34 9050 1 0.5 1.54 0.61 905 -96 -3 0.43 3.79 2.86 6518 1042 475 0.31 199
1 471 574 -0.02 4412 0.15 9045 1 0.51 2.5 0.0 1477 552 343 0.48 4.73 2.23 4350 958 1029 0.31 199
1 33 464 -0.37 4090 -0.34 8846 1 0.51 2.2 -0.93 2291 -388 525 0.48 5.36 2.23 5442 234 1064 0.16 199
0 -279 -80 1.84 8051 -0.08 1961 1 0.5 6.28 1.64 4793 -474 390 0.39 3.49 -1.15 8101 97 -327 0.12 19
0 257 -399 0.96 8509 -1.75 432 1 0.5 1.22 1.8 5277 -286 -352 0.42 3.8 -1.9 5442 889 -107 0.09 199
0 367 -420 0.95 8317 -2.89 749 1 0.5 1.54 2.02 4788 -101 -549 0.43 3.79 -2.01 4483 1037 -71 0.1 199
0 -130 -54 0.53 7447 2.34 3414 1 0.51 2.27 2.01 1537 -194 -206 0.46 4.42 -2.13 2882 445 412 0.31 199
0 31 47 0.21 7381 2.04 3418 1 0.51 2.5 1.92 1310 112 -184 0.48 4.73 -2.13 2930 518 502 0.31 198
0 43 191 -0.44 6930 1.55 3433 1 0.51 2.2 0.99 1241 -378 252 0.48 5.36 -2.13 3305 244 791 -0.31 0
0 36 162 -0.14 6767 1.92 3407 1 0.51 2.23 1.34 1506 -216 81 0.49 5.67 -1.5 3535 67 769 -0.31 0
0 30 137 0.16 6631 2.29 3393 1 0.51 2.44 1.87 1560 -68 -28 0.49 5.99 -0.87 3792 -55 687 -0.31 0
1 -677 168 0.27 698 0.0 5427 1 0.51 2.43 -0.42 3974 -892 211 0.5 0.96 -1.88 5900 -977 243 0.0 199
1 -738 192 -0.01 4531 2.72 2700 1 0.51 2.5 -0.35 4764 -790 132 0.5 1.26 -1.59 5940 -1039 113 -0.03 199
1 -828 244 0.03 2554 2.96 4569 1 0.52 2.57 -0.23 6217 -821 405 0.51 1.8 -0.99 6321 -1006 -123 0.31 30
1 -729 208 -0.31 1663 2.68 5437 1 0.52 2.48 -0.63 7001 -621 265 0.51 2.01 -1.1 6508 -808 -257 0.31 30
1 -644 169 -0.71 885 2.4 6202 1 0.52 2.39 -1.03 7496 -428 103 0.52 2.01 -1.41 6599 -640 -380 0.31 30
1 -568 129 2.11 6870 2.59 11235 0 0.52 2.08 -1.66 8050 -300 425 0.53 1.95 -1.78 6596 -503 -489 0.31 9
1 -488 102 1.81 7442 2.26 11804 0 0.52 2.23 -1.82 8345 -158 220 0.53 2.09 -1.95 6492 -349 -570 0.31 8
1 -360 -103 1.23 8275 1.64 12719 0 0.53 1.83 -2.84 8260 -23 -314 0.55 2.44 -2.23 6032 -90 -778 0.31 199
0 25 116 0.46 6517 2.64 3387 1 0.51 2.57 2.3 1453 51 -95 0.5 0.02 -0.24 4065 -110 582 -0.12 199
0 93 147 0.27 6046 2.55 3700 1 0.52 2.65 2.2 1058 -311 331 0.5 0.65 0.19 4686 -151 392 -0.31 0
0 79 124 0.58 5879 2.91 3776 1 0.51 2.43 2.29 1308 -136 167 0.5 0.96 0.82 4707 -221 199 -0.31 0
0 67 105 0.89 5738 -3.03 3845 1 0.51 2.5 2.67 1330 15 45 0.5 1.26 1.43 4574 -234 26 -0.31 0
0 -63 296 1.52 5492 -2.36 4032 1 0.52 2.57 -2.91 924 -56 457 0.51 1.8 2.6 3932 -241 -71 -0.31 198
0 20 98 1.82 5399 -2.02 4056 1 0.52 2.48 -2.69 1031 128 155 0.51 2.01 3.12 3541 -59 -367 -0.31 194
0 33 -22 2.48 5417 -1.42 4143 0 0.52 2.08 -2.46 1169 301 274 0.53 1.95 -2.58 2662 98 -640 -0.31 0
0 28 -18 2.8 5407 -1.11 4176 0 0.52 2.23 -1.99 1454 358 100 0.53 2.09 -2.13 2563 167 -690 -0.31 0
0 23 -15 3.12 5399 -0.8 4205 0 0.52 1.97 -1.94 1665 368 -71 0.54 2.15 -1.76 2798 223 -711 -0.31 0
0 19 -12 -2.85 5392 -0.49 4228 0 0.53 1.83 -1.76 1851 356 -223 0.55 2.44 -1.15 3322 289 -687 -0.31 199
0 -152 -33 -2.55 5551 -0.19 4051 0 0.53 1.87 -1.41 1897 182 -365 0.56 2.76 -0.52 3839 180 -648 -0.31 10
0 -137 -26 -2.25 5693 0.12 3891 0 0.54 1.83 -1.13 2066 188 -466 0.57 3.07 0.1 4505 314 -560 -0.31 10
0 -123 -18 -1.95 5817 0.42 3746 0 0.54 1.92 -0.73 2420 207 -542 0.57 3.39 0.73 5174 384 -441 -0.16 10
1 326 -346 -0.09 7581 0.23 12767 0 0.56 2.41 2.44 4926 743 -943 0.59 4.01 -2.23 3643 812 -550 0.31 199
1 536 -157 -0.39 6390 -0.06 11751 0 0.58 3.04 2.72 3606 1033 -646 0.6 4.64 -1.95 2883 936 -69 -0.17 199
1 764 -69 -0.06 3918 0.33 9493 0 0.59 3.98 -2.32 4213 1267 -237 0.6 5.59 -0.72 3172 776 320 -0.02 200
1 -404 47 -0.53 3856 -0.15 9456 0 0.59 4.92 -1.87 5045 -93 114 0.62 6.18 -0.61 1731 -793 414 -0.31 199
1 453 -146 0.04 3568 0.43 9214 0 0.59 5.5 -0.73 5164 544 80 0.62 0.24 0.3 1513 633 -117 0.31 0
1 385 -124 -0.22 3117 0.15 8851 0 0.59 5.81 -0.73 5362 341 130 0.62 0.02 -0.24 2155 538 -100 0.1 0
1 327 -105 -0.28 2740 0.07 8551 0 0.59 6.02 -0.63 5375 134 152 0.62 6.23 -0.42 2702 457 -85 0.1 0
1 277 -89 -0.33 2427 -0.0 8303 0 0.6 6.06 -0.7 5209 -52 167 0.62 6.21 -0.54 3166 387 -72 0.1 199
1 377 17 -0.41 1985 -0.08 7900 0 0.61 6.14 -0.72 4971 -68 257 0.62 6.14 -0.72 3502 303 54 -0.31 26
0 -111 -10 -1.81 5925 0.58 3616 0 0.56 2.11 -0.38 2981 257 -600 0.58 3.7 1.2 5780 407 -315 0.0 10
0 -101 -3 -1.82 6020 0.57 3498 0 0.56 2.41 -0.09 3674 316 -600 0.59 4.01 1.52 6290 385 -207 0.02 9
0 -92 2 -1.85 6103 0.55 3389 0 0.57 2.72 0.21 4438 387 -562 0.59 4.33 1.82 6680 368 -54 0.03 9
0 -231 63 -2.17 6352 0.29 3011 0 0.58 3.35 0.56 5670 265 -337 0.6 4.96 2.16 6835 73 281 0.05 199
0 -358 104 -2.28 6634 0.28 2585 0 0.59 3.67 0.82 5948 151 -185 0.6 5.27 2.43 6400 -190 433 0.16 199
0 -472 112 -2.49 7044 0.18 2030 0 0.59 3.98 0.98 6019 31 -56 0.6 5.59 2.58 5662 -460 501 0.07 199
0 854 124 -2.74 6921 0.1 2056 0 0.59 4.61 1.4 6719 1247 75 0.61 5.86 2.65 4857 595 535 0.31 199
0 313 22 -2.67 5979 0.07 3093 0 0.59 5.24 2.02 7929 507 201 0.62 0.19 -3.02 4750 -184 301 -0.31 199
0 -240 29 -2.66 6132 0.18 2859 0 0.59 6.02 2.86 7118 -433 286 0.62 6.23 3.07 4992 -110 49 0.17 199
0 -484 -18 -2.77 7044 0.22 1874 0 0.61 6.14 2.93 5132 -929 222 0.62 6.14 2.93 4029 -558 19 0.12 22
1 253 -435 0.16 1763 0.3 7796 0 0.61 6.02 -0.52 4797 -289 -188 0.62 6.13 -0.42 3679 44 -381 0.31 9
1 222 -365 0.13 1773 0.05 7818 0 0.62 5.92 -0.94 4537 -368 -106 0.62 0.16 -0.42 3670 -123 -346 0.31 198
1 294 -177 0.05 1689 -0.22 7667 0 0.63 5.95 -1.22 4152 -358 93 0.63 0.03 -0.86 3568 -169 -167 0.31 11
1 252 -142 -0.06 1683 -0.49 7545 0 0.62 5.97 -1.52 5278 1642 -17 0.63 0.12 -1.08 3338 -310 -154 0.31 171
1 149 207 -0.44 1256 -1.08 7017 0 0.6 6.16 -1.92 7239 843 350 0.65 0.17 -1.62 2303 -539 160 -0.03 193
1 94 342 -0.38 839 -1.08 6670 0 0.59 6.14 -1.9 7679 515 486 0.66 0.09 -1.68 1523 -660 287 -0.31 32
1 83 315 -0.8 6363 1.59 3135 0 0.59 6.16 -1.57 7915 284 456 0.67 6.06 -1.68 840 -723 306 -0.31 0
1 70 214 -0.51 6142 1.98 3200 0 0.59 6.2 -1.22 7953 71 347 0.68 6.07 -1.34 1364 -753 -294 -0.31 0
1 59 181 -0.22 5961 2.36 3272 0 0.59 0.12 -0.7 7804 -108 273 0.69 0.1 -0.72 2116 -669 -253 -0.21 0
1 50 153 -0.03 5811 2.63 3344 0 0.6 0.24 -0.37 7496 -257 190 0.7 0.05 -0.56 2830 -604 -217 -0.03 0
1 42 130 -0.01 5686 2.7 3411 0 0.6 0.03 -0.54 7038 -388 156 0.7 6.02 -0.84 3451 -513 -184 -0.02 199
1 179 201 -0.01 5382 2.78 3658 0 0.61 6.27 -0.58 6627 -356 227 0.71 5.81 -1.03 3786 -295 -64 -0.3 199
1 315 216 0.28 4932 3.12 4076 0 0.62 6.16 -0.38 6323 -279 254 0.71 5.5 -1.05 3879 -87 -9 0.23 199
1 417 264 0.05 4351 2.93 4631 0 0.62 5.93 -0.84 6090 -247 353 0.73 5.18 -1.59 3759 76 73 0.03 199
1 501 309 0.02 3657 2.93 5301 0 0.63 6.25 -0.56 5920 -233 390 0.73 4.89 -1.92 3424 195 235 0.02 199
0 -209 94 2.24 8472 0.48 1577 0 0.62 5.97 1.69 1914 1181 219 0.63 0.12 2.13 1279 -771 82 0.31 0
0 -177 79 1.91 8655 0.29 1692 0 0.61 6.04 1.45 2925 839 225 0.64 0.1 1.8 1460 -817 53 0.31 0
0 -150 67 1.58 8812 0.06 1806 0 0.6 6.16 1.26 3597 544 210 0.65 0.17 1.55 2111 -838 20 0.31 0
0 -127 56 1.26 8946 -0.19 1913 0 0.59 6.14 0.93 3984 294 200 0.66 0.09 1.15 2990 -881 1 0.31 198
0 15 -69 0.95 8944 -0.49 1830 0 0.59 6.16 0.63 4251 216 72 0.67 6.06 0.52 3815 -791 -78 -0.31 198
0 93 -208 1.3 8888 -0.2 1562 0 0.59 6.2 0.98 4343 94 -75 0.68 6.07 0.86 4491 -730 -716 0.31 9
0 85 -182 1.01 8843 -0.53 1328 0 0.59 0.12 0.87 4226 -82 -90 0.69 0.1 0.86 5231 -643 -616 0.31 9
0 79 -158 0.72 8802 -0.88 1123 0 0.6 0.24 0.68 3938 -228 -121 0.7 0.05 0.49 5968 -575 -528 0.31 10
0 75 -135 0.42 8762 -1.24 948 0 0.6 0.03 0.16 3505 -355 -109 0.7 6.02 -0.14 6620 -480 -449 0.31 10
0 72 -113 0.13 8721 -1.63 803 0 0.61 6.27 -0.21 2951 -463 -87 0.71 5.81 -0.66 7185 -402 -378 0.07 10
0 69 -93 0.07 8679 -1.8 686 0 0.62 6.16 -0.38 2331 -525 -55 0.71 5.5 -1.05 7666 -333 -318 0.03 10
1 631 384 -0.01 1999 2.97 6925 0 0.65 0.1 -0.44 5965 -111 540 0.72 4.4 -2.43 2148 468 580 0.31 30
1 553 345 -0.34 1232 2.67 7680 0 0.65 0.35 -0.51 6054 -159 447 0.72 4.14 -3.0 1538 504 648 0.31 30
1 480 316 2.38 8345 2.8 9107 0 0.66 0.66 -0.51 5995 -259 299 0.72 3.82 2.65 1390 570 680 0.31 11
1 408 277 2.07 8917 2.47 9674 0 0.67 0.84 -0.65 5815 -315 158 0.73 3.7 2.22 1906 623 673 0.31 8
1 344 243 1.77 9404 2.14 10162 0 0.68 0.93 -0.87 5509 -364 20 0.73 3.49 1.69 2743 678 636 0.31 9
1 116 292 1.18 10091 1.52 10922 0 0.68 1.17 -1.26 5477 -335 326 0.74 3.14 0.72 4716 664 621 0.31 199
1 -57 315 0.9 10202 1.24 11147 0 0.68 1.06 -1.68 6585 1136 664 0.75 2.86 0.12 5465 250 561 0.31 199
1 -481 -203 -0.5 8447 -0.14 10048 0 0.66 0.56 2.53 6804 -455 -418 0.76 2.95 -1.36 6223 -42 -173 -0.24 199
1 -551 -383 -0.12 6962 0.3 8732 0 0.67 0.19 2.53 4634 -834 -622 0.78 3.07 -0.87 5448 48 -407 -0.05 199
0 633 135 0.53 6550 -2.49 2366 0 0.65 0.35 0.51 1392 -79 237 0.72 4.14 -1.99 6700 584 438 -0.05 199
0 704 78 0.62 5750 -2.53 3153 0 0.66 0.66 0.87 1459 -35 61 0.72 3.82 -2.25 5683 794 442 -0.1 199
0 928 256 1.69 3312 -1.98 5890 0 0.68 1.22 2.16 1219 430 375 0.74 3.46 -1.88 1656 1373 643 -0.31 0
0 788 217 2.18 2498 -1.66 6852 0 0.68 1.17 2.43 1685 337 251 0.74 3.14 -1.88 1122 1336 546 -0.31 0
0 669 184 2.76 1918 -1.34 7669 0 0.68 1.06 2.64 3350 1862 533 0.75 2.86 -1.85 2018 976 430 -0.31 197
0 517 -5 -2.88 1792 -1.05 8260 0 0.67 0.82 2.71 4896 1414 167 0.75 2.64 -1.76 2812 777 204 -0.31 197
0 340 -142 -2.36 1980 -0.76 8621 0 0.66 0.72 2.91 5909 973 -107 0.75 2.78 -1.31 3357 561 35 -0.31 199
0 152 -221 -1.99 2270 -0.48 8755 0 0.66 0.63 -3.14 6438 557 -286 0.75 2.76 -1.01 3650 339 -71 -0.31 199
0 -197 -210 -1.53 2757 0.06 8423 0 0.66 0.56 -2.62 6265 -171 -425 0.76 2.95 -0.23 4040 242 -180 0.24 199
0 -430 -270 -2.26 3405 -0.46 7494 0 0.67 0.19 2.84 4864 -713 -509 0.78 3.07 -0.56 4296 169 -294 0.03 199
1 -661 -528 -0.03 4160 0.57 6324 0 0.68 0.51 2.91 1602 -1234 -838 0.79 3.6 -0.28 3714 -166 -555 -0.02 198
1 -689 -561 -0.0 3114 0.7 5505 0 0.69 0.44 2.86 2724 -1279 -873 0.8 3.91 0.05 2997 -249 -564 0.31 29
1 -598 -498 -0.31 2198 0.51 4851 0 0.7 0.31 2.43 4265 -1222 -803 0.81 4.22 0.05 2450 -189 -434 0.31 31
1 -177 -681 0.06 2610 2.16 3246 0 0.73 5.34 0.07 9088 -501 -839 0.81 4.94 -0.33 1079 8 -362 0.31 10
1 -143 -584 -0.01 2213 1.88 3944 0 0.72 5.03 -0.56 9948 -424 -698 0.81 5.25 -0.33 979 -73 -167 0.31 34
1 -84 -591 -0.05 1969 1.59 4563 0 0.72 4.73 -1.17 10649 -323 -632 0.81 5.57 -0.33 1247 658 -165 0.31 10
1 -62 -502 -0.05 1878 1.31 5145 0 0.72 4.47 -1.75 11177 -239 -433 0.81 5.88 -0.33 1737 412 -73 0.31 62
1 -41 -521 -0.06 1896 1.03 5689 0 0.72 4.26 -2.27 11499 -139 -359 0.81 6.2 -0.33 2029 195 -142 0.31 199
1 108 -352 -0.15 1894 0.75 6051 0 0.72 3.94 -2.9 11433 142 -92 0.8 0.0 -0.56 2196 138 -31 0.31 199
1 200 -168 -0.31 1779 0.48 6188 0 0.72 3.63 2.76 10987 378 132 0.81 0.1 -0.77 2248 57 88 0.21 195
0 -581 -353 -2.56 4569 -0.64 6234 0 0.68 0.33 2.93 3127 -1080 -622 0.79 3.28 -0.4 4393 -13 -392 -0.31 10
0 -502 -301 -2.32 5158 -0.4 5694 0 0.68 0.51 -2.86 2883 -1075 -611 0.79 3.6 0.23 4409 -7 -328 -0.31 10
0 -435 -255 -2.06 5681 -0.15 5254 0 0.69 0.44 -2.62 3277 -1025 -567 0.8 3.91 0.86 4459 5 -258 -0.09 10
0 -378 -215 -2.01 6139 -0.14 4895 0 0.7 0.31 -2.65 4058 -1002 -520 0.81 4.22 1.26 4530 31 -151 -0.31 199
0 -718 -87 -2.67 8332 -1.02 2609 0 0.73 5.34 1.97 7937 -1042 -245 0.81 4.94 1.57 2939 -533 232 0.31 199
0 29 -213 2.94 9687 -2.23 2408 0 0.72 4.73 0.73 9886 -210 -254 0.81 5.57 1.57 2026 771 213 -0.31 199
0 -120 -269 -3.01 9994 -1.99 2698 0 0.72 4.47 0.79 10308 -297 -200 0.81 5.88 2.2 2458 354 160 -0.31 62
0 -114 -130 -2.7 10257 -1.74 2877 0 0.72 4.26 0.89 10551 -212 32 0.81 6.2 2.83 2595 122 249 0.16 199
0 -254 -174 -2.86 10619 -2.0 3081 0 0.72 3.94 0.42 10705 -220 86 0.8 0.0 2.76 2385 -224 147 0.31 199
0 -345 -257 3.11 11126 -2.43 3425 0 0.72 3.63 -0.21 10839 -167 43 0.81 0.1 2.55 1843 -488 -1 0.31 198
1 274 163 -0.48 1163 0.26 5886 0 0.73 3.25 2.06 9291 713 423 0.81 0.14 -1.05 2606 450 657 0.26 196
1 227 430 0.04 4978 0.66 7855 0 0.75 3.21 1.71 6921 857 637 0.8 0.14 -1.36 4175 353 786 0.31 194
1 80 613 -0.24 3632 0.45 6955 0 0.76 3.25 1.4 4416 753 771 0.8 0.49 -1.36 5710 25 790 -0.09 199
1 1 751 -0.07 1944 0.77 5836 0 0.77 3.11 1.38 2074 584 864 0.8 0.23 -1.5 6900 -297 777 0.31 30
1 -84 583 0.37 5024 -2.91 2075 0 0.78 3.23 0.87 1292 -175 936 0.8 0.26 -2.09 8583 -196 1001 0.31 0
1 -71 495 0.16 4736 2.88 2494 0 0.79 2.98 0.31 2075 -43 778 0.8 0.58 -2.09 9337 -308 757 0.31 0
1 -60 420 -0.06 4538 2.45 2896 0 0.79 2.91 -0.07 2704 122 624 0.8 0.89 -2.09 9873 -159 759 0.31 0
1 -51 357 -0.28 4408 2.07 3259 0 0.79 2.71 -0.59 3203 202 484 0.8 1.2 -2.09 10394 -196 486 0.24 199
1 -200 237 -0.47 4147 1.83 3623 0 0.79 2.69 -0.86 3562 68 319 0.8 1.17 -2.37 10551 -390 191 0.05 199
1 -322 126 -0.49 3761 1.83 3978 0 0.79 2.71 -0.89 3771 -46 173 0.8 1.34 -2.25 10405 -521 -78 -0.16 199
1 -436 56 -0.31 3247 2.06 4377 0 0.8 2.78 -0.66 3891 -152 76 0.81 1.54 -1.9 10050 -612 -287 -0.21 199
0 46 -13 2.49 12032 3.1 4197 0 0.73 3.25 -1.22 10634 485 247 0.81 0.14 1.95 1043 222 481 0.09 0
0 39 -11 2.41 12004 3.02 4196 0 0.74 3.19 -1.36 9925 581 218 0.8 0.28 2.01 1551 188 408 -0.07 0
0 33 -9 2.48 11981 3.1 4196 0 0.75 3.21 -1.27 9158 663 198 0.8 0.14 1.94 1990 159 347 0.0 0
0 -29 -167 2.58 12113 -3.08 4395 0 0.76 3.25 -1.15 7860 644 -9 0.8 0.49 2.37 2323 -84 10 0.19 196
0 295 -190 2.19 12924 2.83 5919 0 0.78 3.23 -1.68 6846 204 163 0.8 0.26 1.64 1219 183 228 -0.31 196
0 419 -220 2.27 13239 2.93 6781 0 0.79 2.91 -1.99 6844 601 -16 0.8 0.89 2.27 818 320 119 -0.31 0
0 356 -187 2.62 13155 -2.98 7005 0 0.79 2.71 -1.88 6716 609 -60 0.8 1.2 2.9 958 211 -58 -0.31 0
0 302 -158 2.96 13097 -2.62 7214 0 0.79 2.69 -1.59 6690 570 -76 0.8 1.17 -3.11 966 112 -204 -0.31 0
0 256 -134 -2.98 13057 -2.26 7404 0 0.79 2.71 -1.26 6746 532 -87 0.8 1.34 -2.62 987 57 -338 -0.31 0
0 217 -113 -2.64 13029 -1.92 7573 0 0.8 2.78 -0.87 6866 501 -93 0.81 1.54 -2.11 1207 41 -456 -0.31 199
1 -627 19 -0.05 1873 2.48 5474 0 0.81 2.98 -0.21 4102 -365 6 0.82 1.29 -1.9 9137 -837 -531 0.31 29
1 -556 7 -0.35 1218 2.22 6026 0 0.81 3.3 -0.21 4246 -320 -1 0.83 1.38 -2.13 8671 -767 -627 0.31 29
1 -492 -9 -0.68 639 1.96 6521 0 0.81 3.61 -0.21 4383 -280 -9 0.83 1.57 -2.25 8197 -672 -717 0.31 29
1 -432 -28 1.68 6955 2.17 11234 0 0.81 3.93 -0.21 4513 -232 -8 0.84 1.68 -2.46 7717 -566 -798 0.31 11
1 -369 -31 1.4 7331 1.86 11670 0 0.81 4.24 -0.21 4660 -173 38 0.85 1.82 -2.64 7243 -440 -850 0.31 171
1 -305 -196 1.13 7570 1.57 12039 0 0.81 4.56 -0.21 4729 -119 -12 0.86 1.9 -2.86 6654 -309 -1052 0.31 195
1 -199 -325 0.88 7657 1.28 12297 0 0.81 4.87 -0.21 4642 -48 -127 0.87 2.15 -2.93 6011 -119 -1178 0.31 198
1 -63 -409 0.63 7588 1.01 12417 0 0.81 5.18 -0.21 4567 -12 -90 0.88 2.46 -2.93 5364 116 -1224 0.31 199
1 88 -441 0.38 7368 0.73 12385 0 0.81 5.38 -0.33 4513 27 -38 0.89 2.78 -2.93 4768 362 -1180 0.31 199
1 475 -235 -0.41 5952 -0.09 11391 0 0.82 5.74 -0.91 3905 -36 -627 0.91 3.68 -2.97 3502 1009 -583 -0.02 199
1 563 -140 -0.37 5285 -0.04 10805 0 0.83 5.5 -1.13 3539 54 -397 0.92 4.0 -2.64 3423 1102 -337 -0.16 199
0 -154 -88 -2.01 13332 -1.32 7803 0 0.81 2.98 -0.03 7205 108 -101 0.82 1.29 -1.73 2104 -364 -638 -0.31 0
0 -130 -74 -1.71 13489 -1.02 7872 0 0.81 3.3 0.59 7318 106 -82 0.83 1.38 -1.33 2901 -341 -708 -0.31 0
0 -182 247 -0.81 13525 -0.15 7500 0 0.81 4.24 2.48 6916 14 316 0.85 1.82 0.05 5371 -253 -572 -0.19 0
0 -154 379 -0.65 13273 0.02 7047 0 0.81 4.56 2.98 6271 32 563 0.86 1.9 0.33 5958 -158 -477 0.24 198
0 -171 487 -0.93 12950 -0.25 6473 0 0.81 4.87 3.05 5478 -20 685 0.87 2.15 0.33 6402 -91 -366 0.05 198
0 -194 576 -1.03 12587 -0.35 5802 0 0.81 5.18 -2.97 4413 -143 895 0.88 2.46 0.59 6681 -15 -239 0.02 197
0 -216 651 -1.11 12212 -0.42 5058 0 0.81 5.38 -2.79 3130 -277 1054 0.89 2.78 0.89 6770 58 -88 -0.31 0
0 185 254 -0.07 11364 0.58 3409 0 0.83 4.97 -2.02 2934 -248 210 0.94 4.63 -2.37 7076 627 330 0.31 0
0 157 215 -0.4 11064 0.3 3116 0 0.83 4.71 -2.6 3021 -211 284 0.93 4.94 -2.37 6775 500 422 0.31 0