1 506 219 -0.33 9752 -0.98 10237 1 0.01 0.3 -0.1 2025 14 -148 0.0 0.19 -0.21 1226 396 198 0.0 199
1 586 252 -0.35 9046 -1.04 9839 1 0.02 0.19 -0.21 1919 2 -93 0.0 0.19 -0.21 1604 382 213 -0.31 199
1 667 229 -0.07 8252 -0.8 9393 1 0.03 0.07 -0.02 1833 1 -74 0.01 0.19 0.1 2005 383 175 0.0 199
1 736 209 -0.1 7385 -0.88 8929 1 0.04 0.05 -0.03 1767 1 -58 0.01 0.19 0.1 2359 328 131 0.0 199
1 879 67 0.11 4458 -0.89 7577 1 0.07 5.76 -0.3 1217 84 -206 0.04 0.19 0.42 3003 201 -64 -0.31 199
1 761 148 0.65 2468 -0.53 6905 1 0.09 5.46 0.03 989 -48 323 0.06 0.05 0.91 2984 0 -4 0.0 199
1 758 -2 0.54 1604 -0.66 6792 1 0.1 5.15 -0.28 1151 65 159 0.07 0.14 0.99 2840 -57 -155 -0.31 0
1 644 -1 0.59 913 -0.45 6788 1 0.11 4.83 -0.28 1302 55 140 0.08 0.05 1.22 2723 -48 -131 -0.31 0
1 547 0 -0.23 6852 -1.03 3568 1 0.11 4.52 -0.28 1436 47 119 0.09 6.14 1.34 2456 -209 -87 0.31 199
1 531 -156 -0.64 6792 -1.47 3999 1 0.11 4.21 -0.91 1368 106 -55 0.1 5.93 0.82 2251 182 -156 -0.31 198
0 460 145 -0.33 9761 -1.03 8433 1 0.01 0.3 -0.4 854 -32 -222 0.0 0.19 -0.51 1815 350 124 0.0 199
0 521 232 -0.33 9091 -1.09 7956 1 0.02 0.19 -0.51 977 -63 -113 0.0 0.19 -0.51 1841 317 193 0.0 199
0 573 306 -0.34 8333 -1.17 7493 1 0.03 0.07 -0.63 973 -93 3 0.01 0.19 -0.51 1899 289 252 -0.31 199
0 644 323 -0.04 7490 -0.95 7022 1 0.04 0.05 -0.33 920 -91 56 0.01 0.19 -0.19 2004 236 245 0.31 199
0 664 219 -0.07 5766 -1.18 6241 1 0.06 6.07 -0.59 1056 -227 -128 0.03 0.19 -0.19 2133 62 103 0.0 199
0 783 223 0.25 3910 -1.17 5656 1 0.08 5.78 -0.58 1088 -41 73 0.05 0.37 0.3 2225 54 53 -0.31 0
0 665 189 0.58 3097 -1.0 5555 1 0.09 5.46 -0.58 994 -144 364 0.06 0.05 0.3 2110 -96 37 -0.31 0
0 565 160 0.91 2407 -0.81 5562 1 0.1 5.15 -0.58 978 -128 321 0.07 0.14 0.7 1816 -250 7 -0.31 0
0 480 136 1.25 1822 -0.6 5635 1 0.11 4.83 -0.58 1092 -109 277 0.08 0.05 0.93 1566 -212 6 -0.31 0
0 798 112 2.09 752 -0.16 5885 1 0.11 4.21 -0.58 1278 373 213 0.1 5.93 1.15 979 449 112 0.31 199
0 562 -260 -1.07 6692 -1.92 4472 0 0.1 3.91 -1.52 1190 201 -175 0.1 5.62 0.19 2467 266 -260 -0.31 199
0 544 -377 -0.87 6537 -1.74 4952 0 0.1 3.75 -1.36 1143 231 -60 0.11 5.83 0.72 2730 266 -365 -0.31 195
1 22 -391 -0.56 4694 -1.77 4119 0 0.08 3.33 -1.45 1070 193 45 0.13 4.87 0.09 1766 -148 -218 -0.31 198
1 -22 -497 -0.3 4172 -1.6 4209 0 0.08 3.02 -1.45 967 125 -127 0.13 4.56 0.09 1853 -139 -183 0.0 45
1 -49 -522 -0.18 3106 -1.55 4625 0 0.07 2.39 -1.76 1073 356 -289 0.14 4.14 -0.02 1945 -6 -18 -0.31 0
1 -585 -279 0.42 2158 -0.59 5840 0 0.07 1.99 -0.93 2647 -150 -349 0.16 4.29 1.38 2637 -483 209 -0.31 38
1 -454 -436 0.54 1565 -0.4 5819 0 0.07 1.68 -0.93 3015 -72 -621 0.16 3.98 1.38 2417 -358 -11 -0.31 199
1 -497 -242 0.56 1022 -0.19 5738 0 0.07 1.36 -0.93 3408 -208 -565 0.17 3.77 1.48 2105 -298 206 -0.31 199
1 -488 -49 0.02 5526 0.74 10148 0 0.07 1.05 -0.93 3712 -313 -444 0.18 4.08 2.11 1719 -89 119 -0.31 0
0 367 -581 -0.48 6034 -1.36 5807 0 0.09 3.26 -1.22 1609 390 -277 0.11 5.29 0.8 3415 166 -572 -0.31 199
0 62 -654 -0.09 5248 -0.97 6353 0 0.08 3.33 -0.52 2262 233 -218 0.13 4.87 1.01 4003 -108 -481 -0.31 199
0 -103 -622 0.11 4751 -0.77 6465 0 0.08 3.02 -0.52 2336 44 -252 0.13 4.56 1.01 4046 -220 -308 -0.31 199
0 -383 -423 0.57 3591 -0.36 6319 0 0.07 2.39 -0.52 2478 22 -190 0.14 4.14 1.22 3571 -340 81 0.31 199
0 -494 -374 0.17 2905 -0.78 6115 0 0.07 2.23 -0.99 2574 -46 -310 0.15 4.19 0.96 3126 -373 201 -0.31 199
0 -192 -440 0.22 2207 -1.13 5031 0 0.07 1.99 -1.54 1955 243 -510 0.16 4.29 0.77 1749 -90 48 -0.31 33
0 -205 -174 0.48 1861 -0.89 5075 0 0.07 1.68 -1.54 2391 177 -359 0.16 3.98 0.77 1508 -109 251 -0.31 199
0 -339 -106 0.86 1458 -0.65 4909 0 0.07 1.36 -1.54 2651 -50 -429 0.17 3.77 0.87 1077 -140 342 -0.31 77
1 -245 523 0.07 2531 1.01 8190 0 0.11 5.52 -2.72 3692 -575 420 0.18 5.67 -2.57 1744 -384 696 0.31 0
1 -208 444 -0.24 1953 0.76 7871 0 0.12 5.2 2.93 3610 -514 405 0.18 5.74 -2.81 1984 -183 93 0.31 0
1 -176 377 -0.55 1463 0.5 7624 0 0.13 4.89 2.3 3569 -465 511 0.18 5.6 3.02 2182 -249 156 0.31 199
1 -436 294 -0.03 6732 -2.63 3881 0 0.13 4.28 1.06 4140 -560 669 0.18 5.31 2.09 3302 -640 366 0.31 199
1 -618 146 0.06 5421 -2.85 4909 0 0.15 3.94 0.73 5362 -504 652 0.18 5.52 2.3 4883 -616 320 0.31 199
1 -682 60 -0.22 4637 3.06 5645 0 0.15 3.63 0.1 6000 -436 570 0.19 5.32 1.8 5609 -681 207 0.0 199
1 -737 -12 -0.18 3781 3.02 6482 0 0.15 3.79 0.26 7145 -1197 -296 0.2 5.64 2.11 6339 -737 112 0.31 199
1 -756 -119 -0.49 2881 2.69 7379 0 0.15 3.98 0.14 8301 -1032 -234 0.2 5.95 2.11 7034 -756 -14 0.31 0
1 -642 -101 -0.78 2117 2.37 8141 0 0.15 4.01 -0.14 9188 -767 -70 0.2 6.27 2.11 7657 -642 -12 0.31 0
1 -545 -85 -1.06 1470 2.05 8788 0 0.15 3.84 -0.63 9804 -521 49 0.2 0.3 2.11 8203 -545 -10 0.31 0
1 -463 -72 -1.31 924 1.73 9338 0 0.15 4.15 -0.63 10240 -352 185 0.2 0.61 2.11 8771 -602 -105 0.31 0
1 -393 -61 1.41 9806 0.74 9357 0 0.16 3.84 -1.26 10493 -181 256 0.2 0.93 2.11 9316 -613 -224 0.31 0
0 0 180 0.43 5344 1.3 9143 0 0.11 5.64 -1.99 6286 -278 -50 0.18 5.65 -1.97 1525 0 269 -0.31 199
0 401 -167 0.53 5159 1.35 9437 0 0.12 5.2 -2.43 6198 95 -206 0.18 5.74 -1.88 1393 426 -518 0.31 195
0 326 27 0.29 5258 1.06 9771 0 0.13 4.89 -3.05 6003 37 161 0.18 5.6 -2.34 1748 253 -194 0.31 199
0 210 179 0.04 5162 0.77 9914 0 0.13 4.59 2.62 5497 -16 449 0.18 5.29 -2.97 1718 80 97 0.0 199
0 112 308 0.09 4897 0.81 9903 0 0.13 4.28 2.3 4734 -12 683 0.18 5.31 -2.95 1326 -92 380 -0.31 195
0 242 521 0.29 4144 0.93 9881 0 0.15 3.94 1.97 2477 356 1027 0.18 5.52 -2.74 1219 244 695 0.0 199
0 -617 -52 0.37 3262 1.01 9360 0 0.15 3.79 1.82 1721 -1077 -336 0.2 5.64 -2.62 1958 -617 72 -0.31 195
0 -539 125 0.56 2736 1.33 8711 0 0.15 3.98 2.32 2590 -815 10 0.2 5.95 -1.99 2108 -539 230 0.0 195
0 -362 399 0.68 1539 1.73 7643 0 0.15 3.84 2.5 3544 -338 533 0.2 0.3 -1.05 3235 -362 474 0.31 0
0 -307 339 0.21 1034 1.46 7263 0 0.15 4.15 2.5 3862 -196 596 0.2 0.61 -1.05 3752 -446 306 0.31 199
0 -327 444 1.22 6887 -1.38 3715 0 0.16 3.84 1.87 4270 -115 761 0.2 0.93 -1.05 4332 -547 281 0.31 199
1 -139 -133 0.79 10398 0.15 9774 0 0.17 3.56 -2.16 10440 -433 -405 0.2 1.52 2.08 10002 319 117 0.31 199
1 208 -119 0.2 10187 -0.46 9372 0 0.17 4.07 -2.29 10208 207 -85 0.21 1.75 1.68 8704 587 -249 0.31 199
1 334 -37 -0.1 9822 -0.78 8992 0 0.17 3.77 -2.9 9704 449 75 0.21 1.68 1.29 7843 672 -316 0.31 199
1 414 77 -0.4 9329 -1.13 8584 0 0.17 3.96 -3.02 9068 614 281 0.22 1.61 0.91 6944 707 -330 0.0 199
1 482 174 -0.41 8726 -1.18 8165 0 0.18 4.08 -2.9 8426 674 379 0.23 1.9 1.2 5981 774 -297 0.0 199
1 539 257 -0.42 8032 -1.25 7764 0 0.18 3.77 3.07 7797 749 465 0.24 1.99 1.29 4925 855 -298 0.0 199
1 588 327 -0.45 7263 -1.35 7411 0 0.18 3.46 2.76 7231 814 519 0.24 2.25 1.55 3878 874 -167 0.0 199
1 630 387 -0.49 6437 -1.46 7142 0 0.2 3.14 2.44 6674 992 550 0.26 2.46 1.76 2858 875 -35 0.0 199
1 665 438 -0.55 5574 -1.59 6993 0 0.2 2.9 2.2 6308 1061 554 0.26 2.78 2.08 1696 1031 19 0.0 157
1 474 897 -0.65 4730 -1.73 7061 0 0.2 2.58 1.88 6192 955 906 0.27 2.93 2.23 884 730 921 -0.31 0
1 402 762 -0.55 4307 -1.53 7641 0 0.2 2.27 1.88 6594 920 641 0.27 3.05 2.67 1868 788 768 -0.31 0
1 341 647 -0.43 4115 -1.3 8200 0 0.21 2.04 1.97 6967 842 424 0.28 3.11 3.04 3001 838 646 -0.31 199
0 -389 505 1.0 6491 -1.89 3839 0 0.16 3.87 1.59 4890 -142 834 0.2 1.2 -1.08 4982 -614 267 0.31 199
0 -570 476 0.62 5610 -2.85 4786 0 0.17 3.86 0.94 6511 -692 357 0.2 1.69 -1.22 6197 -160 519 0.31 199
0 -653 389 0.44 5125 3.03 5548 0 0.17 4.07 0.84 7425 -654 423 0.21 1.75 -1.48 6636 -274 259 0.31 199
0 -732 112 0.13 4079 2.34 7269 0 0.17 3.96 0.1 8974 -532 316 0.22 1.61 -2.25 7014 -439 -295 0.31 199
0 -640 -208 -0.17 2960 1.76 8838 0 0.18 3.77 -0.72 9984 -430 0 0.24 1.99 -2.5 6821 -324 -763 0.31 195
0 -529 -346 -0.3 2383 1.5 9457 0 0.18 3.46 -1.34 10182 -303 -154 0.24 2.25 -2.55 6667 -243 -840 0.31 199
0 -383 -450 -0.43 1799 1.23 9928 0 0.2 3.14 -1.97 10026 -21 -287 0.26 2.46 -2.65 6540 -138 -872 0.31 0
0 -325 -382 -0.48 1387 0.96 10348 0 0.2 2.9 -2.53 9797 71 -266 0.26 2.78 -2.65 6371 41 -801 0.31 199
0 55 -388 0.42 10577 -0.2 10180 0 0.2 2.27 2.5 8332 573 -509 0.27 3.05 -3.0 5552 441 -382 0.31 199
0 216 -314 0.15 10407 -0.49 9797 0 0.21 2.04 1.95 7296 717 -537 0.28 3.11 3.02 4818 713 -315 0.31 199
1 360 -449 -0.11 1479 -0.22 7850 0 0.23 0.12 1.62 6116 -199 -602 0.33 5.24 0.45 10082 662 -294 -0.31 198
1 264 -546 -0.18 914 0.04 7273 0 0.23 0.1 1.92 5528 -211 -676 0.34 5.46 0.99 10414 404 -291 0.0 198
1 183 -629 -0.02 6604 -0.89 3978 0 0.24 6.07 1.61 4977 -220 -739 0.34 5.78 1.31 10472 154 -329 0.0 198
1 114 -699 -0.08 5854 -1.1 3834 0 0.24 5.76 1.29 4525 -228 -792 0.34 6.06 1.59 10263 -75 -406 0.0 198
1 -43 -789 0.09 4173 -1.26 3867 0 0.25 5.13 0.98 4100 -306 -836 0.35 0.4 2.53 9142 -480 -657 -0.31 199
1 -166 -779 0.34 3273 -1.18 4013 0 0.25 4.82 0.98 4137 -391 -803 0.35 0.72 -3.12 8298 -666 -778 -0.31 199
1 -298 -725 0.59 2363 -1.09 4201 0 0.25 4.5 0.98 4241 -471 -660 0.36 0.51 -3.02 7314 -872 -805 -0.31 0
1 -253 -616 0.81 1603 -0.94 4506 0 0.25 4.24 1.03 4391 -322 -410 0.37 0.79 -2.43 6497 -861 -803 -0.31 0
1 -215 -523 0.92 987 -0.75 4850 0 0.25 3.98 1.08 4535 -197 -264 0.38 0.66 -2.23 5882 -866 -786 -0.31 0
0 538 164 -0.42 8396 -1.22 7900 0 0.22 1.03 0.31 2990 776 -344 0.31 4.29 -2.71 884 1039 384 0.31 199
0 590 353 -0.47 6908 -1.41 7217 0 0.22 0.42 -0.3 1451 633 -117 0.32 4.92 -2.08 2301 946 536 -0.31 124
0 113 618 -0.2 6117 -1.21 7014 0 0.23 0.12 -0.28 876 -446 465 0.33 5.24 -1.45 3474 415 773 -0.31 199
0 265 540 0.02 5711 -0.98 7285 0 0.23 0.1 0.02 1352 -210 410 0.34 5.46 -0.91 4259 405 795 0.0 199
0 394 473 -0.08 5217 -1.08 7464 0 0.24 6.07 -0.3 1667 -9 363 0.34 5.78 -0.59 5086 365 773 0.0 199
0 594 315 0.02 4010 -0.97 7637 0 0.26 5.45 -0.61 2053 284 259 0.34 0.09 0.31 6526 264 549 -0.31 199
0 650 180 0.22 3325 -0.76 7595 0 0.25 5.13 -0.61 2144 387 133 0.35 0.4 0.94 6958 213 312 -0.31 199
0 664 24 0.43 2606 -0.55 7453 0 0.25 4.82 -0.61 2191 439 0 0.35 0.72 1.57 7122 164 25 -0.31 199
0 630 -136 0.66 1870 -0.33 7205 0 0.25 4.5 -0.61 2287 457 -71 0.36 0.51 1.68 7009 56 -216 -0.31 195
0 550 -284 0.96 1142 -0.11 6854 0 0.25 4.24 -0.56 2511 481 -78 0.37 0.79 2.27 6616 -58 -471 0.0 195
0 277 -602 -0.06 5265 -1.23 3370 0 0.25 3.47 -1.01 3654 572 -284 0.4 0.45 2.25 4358 -471 -916 -0.31 199
1 -347 353 -0.52 4132 0.48 8350 0 0.24 3.32 1.05 1444 -223 654 0.41 6.18 -2.37 5568 -576 28 -0.31 0
1 -226 -112 -0.04 3827 1.1 7690 0 0.25 2.69 1.05 1227 182 -356 0.42 5.72 -2.2 5479 -668 -225 -0.31 198
1 -150 69 0.23 3743 1.42 7494 0 0.26 2.72 1.4 1586 347 -204 0.42 5.48 -2.13 5405 -639 91 0.0 198
1 -86 223 0.2 3483 1.44 7301 0 0.27 3.04 1.71 1935 505 -26 0.43 5.79 -1.82 5180 -651 322 0.0 198
1 -31 354 0.18 3068 1.5 7125 0 0.28 3.12 1.8 2397 641 140 0.44 5.9 -1.71 4907 -642 491 0.0 198
1 -281 660 0.77 6322 -2.29 3944 0 0.32 3.98 1.4 5159 166 558 0.47 4.43 1.85 5514 -587 1188 0.31 199
1 -512 499 0.4 5732 3.04 4858 0 0.34 4.45 1.24 5326 -190 426 0.48 3.96 0.75 7809 -623 1061 0.31 199
0 -3 -669 0.42 3860 -1.04 3714 0 0.24 3.09 -0.77 2840 -258 -265 0.4 0.45 2.88 5061 85 -1120 -0.31 199
0 -159 -635 0.68 3108 -0.93 3852 0 0.24 3.0 -0.54 2530 -207 -315 0.4 0.14 2.88 5331 -230 -1040 -0.31 199
0 -304 -554 1.0 2364 -0.8 3941 0 0.24 3.32 0.09 2297 -180 -253 0.41 6.18 2.95 5474 -533 -879 -0.31 0
0 -258 -470 1.32 1732 -0.64 4121 0 0.25 3.0 0.09 2327 15 -238 0.41 6.04 3.12 5643 -617 -704 -0.31 0
0 -219 -399 1.65 1196 -0.44 4341 0 0.25 2.69 0.09 2720 189 -643 0.42 5.72 3.12 5786 -661 -512 -0.31 0
0 -186 -339 1.99 742 -0.21 4569 0 0.26 2.72 0.44 3367 311 -612 0.42 5.48 -3.09 5860 -675 -317 -0.31 199
0 -224 -131 0.03 4588 0.81 9486 0 0.27 3.04 1.06 3970 367 -380 0.43 5.79 -2.46 5712 -789 -32 -0.31 195
0 -205 58 0.3 4429 1.12 9237 0 0.28 3.12 1.47 4534 467 -156 0.44 5.9 -2.04 5449 -816 195 0.0 195
0 -189 218 0.28 4108 1.14 8940 0 0.29 2.95 1.29 5058 514 10 0.46 5.59 -2.36 5168 -708 334 0.0 195
0 -175 354 0.27 3646 1.18 8612 0 0.3 3.18 1.52 5549 544 182 0.46 5.27 -2.67 4759 -706 596 0.0 195
0 -163 470 0.27 3060 1.24 8276 0 0.31 3.35 1.69 5928 458 327 0.46 4.97 -2.97 4318 -657 840 0.31 199
0 -204 555 -0.04 2363 0.99 7903 0 0.31 3.67 1.69 6172 323 434 0.47 4.66 2.69 4075 -617 998 0.31 0
0 -173 471 -0.36 1772 0.75 7623 0 0.32 3.98 1.69 6422 274 369 0.47 4.43 2.15 4132 -479 999 0.31 199
0 -413 452 0.27 6754 -2.32 3871 0 0.34 4.45 1.54 6370 -91 379 0.48 3.96 1.05 5395 -524 1014 0.31 199
1 -592 360 0.22 5348 2.65 5583 0 0.33 4.76 1.24 5177 -319 298 0.48 3.68 0.16 8916 -541 924 0.31 199
1 -720 -97 -0.39 3186 2.63 7090 0 0.33 5.93 2.08 3436 -951 213 0.51 2.6 -1.26 8603 -220 107 0.31 199
1 -699 -228 -0.69 2321 2.32 7951 0 0.34 6.25 2.08 2536 -1063 41 0.52 2.46 -1.71 8645 -143 -163 0.31 0
1 -594 -193 -1.0 1586 2.02 8683 0 0.34 0.21 2.01 1998 -1069 0 0.53 2.15 -2.34 8509 -29 -280 0.31 0
1 -146 -644 -2.4 721 1.46 9703 0 0.35 0.51 1.68 2324 -779 -616 0.54 1.52 2.69 7621 287 -998 0.31 199
1 150 -173 0.15 9879 -0.52 9462 0 0.37 0.87 0.8 4096 -514 -388 0.56 1.33 1.26 7100 395 -719 0.31 199
1 285 -83 -0.15 9574 -0.84 9118 0 0.38 0.82 0.44 4398 -396 -389 0.56 1.22 0.84 6382 483 -573 0.31 199
1 372 38 -0.45 9138 -1.18 8749 0 0.39 0.75 0.05 4703 -331 -337 0.57 1.54 0.84 5669 538 -425 -0.31 199
1 473 95 -0.14 8570 -0.91 8316 0 0.4 0.72 0.33 4101 609 -475 0.57 1.55 1.17 5755 -251 -325 0.31 199
1 532 190 -0.46 7909 -1.29 7905 0 0.4 0.59 -0.1 3516 507 -389 0.57 1.87 1.17 5838 -80 -178 0.0 199
1 582 270 -0.48 7169 -1.38 7543 0 0.41 0.33 -0.37 3097 400 -277 0.57 2.18 1.48 5689 123 -131 0.0 199
0 -520 369 0.03 6178 -2.81 4197 0 0.33 4.76 1.54 6099 -247 307 0.48 3.68 0.45 6290 -469 933 0.31 199
0 -636 98 -0.48 4816 2.67 5442 0 0.33 5.31 1.45 5062 -585 329 0.5 3.23 -0.63 7819 -335 543 -0.31 199
0 -697 16 -0.11 4029 2.95 6237 0 0.33 5.62 2.08 4308 -782 313 0.5 2.91 -0.63 8317 -276 356 0.31 198
0 -177 -551 -1.01 1167 1.01 9694 0 0.35 0.19 1.06 3068 -747 -421 0.53 1.83 2.71 9118 342 -768 0.31 15
0 -221 -209 -1.24 768 0.73 9937 0 0.35 0.51 1.06 3370 -854 -181 0.54 1.52 2.08 8475 212 -563 0.31 0
0 -124 -547 2.92 1073 1.2 10042 0 0.36 0.82 1.68 2883 -777 -647 0.55 1.38 2.23 7056 210 -1014 0.31 0
0 -105 -464 2.37 1541 0.93 10354 0 0.37 0.87 1.41 3741 -769 -679 0.56 1.33 1.87 6750 140 -1010 0.31 0
0 -89 -394 1.94 1976 0.65 10634 0 0.38 0.82 1.05 4762 -770 -700 0.56 1.22 1.45 6667 109 -884 0.31 0
0 -75 -334 1.57 2357 0.37 10883 0 0.39 0.75 0.66 5874 -778 -709 0.57 1.54 1.45 6741 91 -797 0.31 0
0 -63 -283 1.21 2686 0.08 11100 0 0.4 0.72 0.31 6329 73 -853 0.57 1.55 1.15 7728 -787 -703 0.31 0
0 -53 -240 0.87 2967 -0.22 11289 0 0.4 0.59 -0.12 6899 -78 -819 0.57 1.87 1.15 8716 -665 -608 0.31 199
1 624 338 -0.52 6370 -1.48 7262 0 0.41 0.1 -0.59 2794 301 -143 0.56 2.5 1.8 5254 369 -106 -0.31 199
1 754 309 0.01 4584 -1.11 6839 0 0.42 5.88 -0.47 2148 274 45 0.56 3.11 3.04 3636 816 -45 -0.31 199
1 828 97 0.56 2646 -0.78 6467 0 0.43 5.25 -0.47 1123 1001 -294 0.55 3.68 -2.04 1863 443 402 -0.31 0
1 575 -346 -0.35 5882 -1.37 3617 0 0.43 5.34 0.56 2523 328 -132 0.56 3.44 -1.34 1870 905 -130 -0.31 198
1 289 -534 0.06 5124 -1.06 4354 0 0.44 5.06 0.91 2905 -6 -166 0.58 3.0 -1.15 3771 833 -377 -0.31 199
1 115 -563 0.28 4630 -0.89 4566 0 0.46 5.06 1.22 2881 -174 -145 0.59 3.04 -0.8 4683 746 -447 0.0 199
1 -32 -587 0.19 4052 -1.03 4708 0 0.46 4.75 0.91 2728 -284 -62 0.6 3.12 -0.72 5561 674 -492 -0.31 199
1 -184 -562 0.43 3412 -0.86 4772 0 0.47 4.43 0.91 2459 -351 47 0.61 3.16 -0.37 6364 586 -479 0.0 199
1 -436 -471 0.65 1948 -0.86 4770 0 0.49 3.82 0.61 1915 -372 154 0.63 2.86 -0.35 7553 264 -407 -0.31 0
0 73 116 0.29 2905 -0.84 11136 0 0.41 0.1 -1.24 7947 -250 -365 0.56 2.5 1.15 9737 -182 -328 0.31 195
0 47 267 0.01 2595 -1.18 10939 0 0.42 6.11 -1.83 8345 -335 -123 0.56 2.79 1.13 9895 -79 -143 0.0 195
0 25 396 0.04 2136 -1.22 10706 0 0.42 5.88 -2.06 8684 -455 132 0.56 3.11 1.45 9780 87 42 0.0 195
0 43 594 0.61 888 -1.02 10166 0 0.43 5.25 -2.37 8650 216 203 0.55 3.68 2.34 9348 -342 899 -0.31 199
0 233 664 -0.53 9366 -1.23 9280 0 0.42 5.5 -1.5 7823 131 600 0.56 3.05 2.34 8611 265 901 -0.31 199
0 354 630 -0.29 8844 -1.01 9321 0 0.43 5.27 -1.41 7335 179 720 0.56 3.12 2.72 7917 551 827 -0.31 199
0 713 238 0.09 6032 -0.75 8615 0 0.46 5.06 -0.99 5637 424 656 0.59 3.04 -3.02 3914 1344 354 -0.31 199
0 803 58 -0.02 4273 -0.95 7924 0 0.47 4.43 -1.62 4976 636 667 0.61 3.16 -2.9 3242 1573 141 -0.31 199
0 828 -38 0.23 3323 -0.76 7564 0 0.48 4.14 -1.61 4719 748 572 0.62 3.18 -2.57 4190 1652 38 -0.31 199
0 815 -160 0.5 2354 -0.56 7176 0 0.49 3.82 -1.61 4527 879 465 0.63 2.86 -2.57 5450 1515 -96 -0.31 199
1 -370 -400 0.91 1311 -0.68 4843 0 0.5 3.54 0.65 1689 -209 175 0.64 2.81 -0.09 7952 225 -346 -0.31 0
1 -314 -340 1.11 778 -0.48 4969 0 0.5 3.49 0.91 1452 -32 201 0.64 2.5 -0.09 8300 192 -295 -0.31 0
1 -266 -289 -0.25 5120 0.48 9927 0 0.51 3.18 0.91 1250 -12 171 0.65 2.23 -0.03 8600 164 -251 -0.31 0
1 -226 -245 -0.0 5277 0.76 9798 0 0.52 3.3 1.34 1075 10 149 0.65 1.95 0.0 8859 139 -213 -0.31 143
1 -190 -338 0.26 5312 1.05 9637 0 0.53 3.26 1.62 879 75 -297 0.66 1.64 0.0 9059 125 -380 -0.31 198
1 -113 65 0.21 5292 1.03 9419 0 0.54 2.64 0.99 1135 223 65 0.67 1.06 -0.58 9422 20 -156 -0.31 198
1 -380 642 -0.66 1021 0.85 7001 0 0.56 0.58 -1.69 1515 -295 240 0.71 6.16 -2.39 4485 -1049 557 0.31 0
1 -323 545 0.63 6634 -2.05 3887 0 0.57 0.3 -2.29 1148 -383 164 0.72 6.21 -2.65 3132 -1061 484 0.31 199
1 -439 504 0.42 6192 -2.55 4104 0 0.57 6.28 -2.9 820 -538 181 0.73 6.25 -2.93 1689 -1236 458 0.31 135
0 759 -292 0.83 1398 -0.37 6753 0 0.5 3.54 -1.57 4413 920 283 0.64 2.81 -2.3 6701 1354 -238 -0.31 195
0 404 -607 -0.1 5210 -1.27 3567 0 0.52 3.3 -1.19 4374 640 -213 0.65 1.95 -2.53 9551 769 -575 -0.31 199
0 88 -673 0.3 3955 -1.04 4177 0 0.54 2.95 -0.91 3951 480 -670 0.67 1.33 -2.53 10579 343 -759 -0.31 199
0 -81 -638 0.52 3281 -0.89 4386 0 0.54 2.64 -0.91 3697 255 -638 0.67 1.06 -2.48 10744 52 -859 -0.31 199
0 -367 -435 1.08 1926 -0.57 4519 0 0.54 2.01 -0.91 3318 37 -680 0.67 0.47 -2.44 10379 -500 -749 -0.31 199
0 -457 -282 1.53 1334 -0.4 4424 0 0.55 1.8 -0.8 3193 -83 -620 0.68 0.16 -2.44 9832 -737 -575 -0.31 0
0 -388 -239 2.1 876 -0.2 4414 0 0.55 1.5 -0.79 3254 -79 -658 0.68 0.09 -2.2 9280 -795 -501 -0.31 0
0 -329 -203 2.92 601 0.01 4456 0 0.55 1.19 -0.79 3454 -85 -604 0.69 6.14 -2.11 8731 -830 -404 -0.31 0
0 -72 319 0.48 3804 1.45 8419 0 0.57 6.28 -1.34 3876 -171 -4 0.73 6.25 -1.38 5948 -869 273 0.31 195
1 -480 563 0.23 5782 -3.05 4498 0 0.57 5.97 2.76 1208 -501 436 0.74 6.27 3.05 847 -1327 528 0.31 199
1 -565 414 0.04 5330 2.81 5108 0 0.57 5.97 2.44 1938 -738 357 0.75 6.16 2.64 2207 -1453 406 0.31 199
1 -610 242 -0.16 4824 2.44 5820 0 0.58 6.28 2.44 2694 -757 194 0.76 5.85 2.01 3815 -1374 240 0.0 199
1 -640 -62 -0.25 3632 2.12 7337 0 0.59 5.65 1.5 4258 -784 -81 0.79 5.22 1.06 6876 -1285 95 0.31 198
0 -76 440 0.18 3281 1.2 8174 0 0.57 5.97 -1.97 3521 -97 313 0.74 6.27 -1.68 5051 -923 405 0.31 199
0 -131 530 -0.12 2639 0.95 7868 0 0.57 5.97 -2.29 2862 -304 473 0.75 6.16 -2.09 4145 -1019 522 0.31 0
0 -111 450 -0.43 2093 0.7 7641 0 0.58 6.28 -2.29 2302 -258 402 0.76 5.85 -2.72 3594 -875 448 0.31 0
0 -94 382 -0.73 1631 0.44 7475 0 0.58 5.97 -2.91 1787 -257 354 0.77 5.53 2.93 3369 -756 392 -0.31 199
0 173 0 -0.41 802 0.87 7195 0 0.59 5.34 3.05 1258 470 -492 0.79 4.94 2.65 3482 -413 299 -0.31 0
0 147 0 0.09 870 1.18 7368 0 0.59 5.03 3.05 1939 399 -418 0.8 4.76 2.79 3649 -360 423 0.31 0
