1 -628 -113 0.14 3652 1.16 4008 0 0.0 3.82 0.51 1799 -497 -6 0.0 3.61 0.3 1037 -443 -19 0.31 134
1 -634 -150 -0.15 2888 1.03 3724 0 0.0 3.82 0.19 1836 -391 48 0.01 3.63 0.0 1323 -377 -18 0.31 148
1 -626 -218 -0.46 2107 0.92 3504 0 0.01 3.89 -0.05 1945 -235 -74 0.01 3.63 -0.31 1559 -318 112 0.31 155
1 -590 -305 -0.86 1337 0.83 3341 0 0.01 3.86 -0.4 2065 -262 53 0.02 3.58 -0.68 1701 -175 47 -0.31 166
1 -599 -361 1.4 3309 -0.4 7146 0 0.02 3.89 -0.05 2183 -161 -83 0.02 3.49 -0.45 1798 -136 134 0.31 104
1 -548 -387 1.32 3412 -0.74 6376 0 0.03 4.21 -0.05 2258 -94 -3 0.03 3.18 -1.08 1826 -45 38 0.31 107
1 -478 -424 1.21 3592 -1.1 5676 0 0.03 4.52 -0.05 2302 -38 -106 0.03 2.86 -1.71 1850 -35 100 0.31 126
1 -387 -465 1.08 3795 -1.49 5082 1 0.04 4.83 -0.05 2521 -266 -31 0.03 2.55 -2.34 1872 -11 -20 0.31 140
1 -273 -499 0.93 3974 -1.91 4650 1 0.04 4.52 -0.68 2771 -171 -131 0.03 2.23 -2.97 1871 151 -255 0.31 123
1 -140 -66 -0.35 4112 -2.48 5590 1 0.03 3.89 -2.16 1381 -67 199 0.03 1.69 1.92 1167 3 217 0.14 199
1 343 188 -0.22 3523 -2.31 6231 1 0.03 2.95 -2.88 1157 238 332 0.03 0.93 1.38 1210 441 347 0.31 198
0 0 0 -2.24 5045 -1.65 6687 0 0.0 3.83 -2.44 1000 0 0 0.0 3.62 -2.65 1999 0 0 -2.36 37
0 -140 -138 0.1 4776 0.71 6481 0 0.0 3.82 -0.1 969 -9 -31 0.0 3.61 -0.31 1909 45 -44 -0.02 198
0 -240 -236 0.13 4382 0.77 6189 0 0.0 3.82 -0.09 931 3 -38 0.01 3.63 -0.28 1794 17 -104 0.0 198
0 -519 -256 0.23 3241 0.94 5529 0 0.01 3.86 -0.05 993 -191 102 0.02 3.58 -0.33 1817 -104 96 0.31 151
0 -501 -333 0.02 2606 0.75 5262 0 0.02 3.89 -0.33 1108 -63 -55 0.02 3.49 -0.73 1882 -38 162 0.31 167
0 -288 -498 0.07 4171 -1.85 6142 1 0.04 4.52 -0.96 1196 -186 -130 0.03 2.23 3.04 1295 136 -254 0.31 154
0 -137 -514 0.77 4093 -2.36 4438 1 0.04 4.21 -1.31 2983 -51 -202 0.03 1.92 2.69 1966 9 18 0.31 166
0 11 -498 0.6 4124 -2.8 4479 1 0.03 3.89 -1.94 3125 84 -233 0.03 1.69 2.15 2067 154 -215 0.31 179
0 303 -346 0.24 3853 2.69 5199 1 0.03 3.26 3.09 3148 355 -155 0.03 1.24 1.06 2752 325 -444 0.31 199
1 463 -58 -0.17 3121 2.05 6272 1 0.03 2.64 1.83 2931 441 28 0.03 1.22 0.42 3023 488 -82 0.17 198
1 487 92 -0.24 2608 1.92 6798 0 0.03 2.32 1.34 2781 500 130 0.03 0.99 0.02 3243 415 -70 0.31 68
1 429 134 -0.45 2138 1.64 7255 0 0.03 2.01 0.72 2731 338 164 0.03 0.7 -0.59 3546 376 -188 0.31 114
1 361 194 -0.67 1691 1.37 7631 0 0.03 1.82 0.21 2806 325 55 0.04 0.38 -1.22 3801 316 -79 0.31 125
1 270 263 -0.93 1255 1.1 7901 0 0.03 1.54 -0.38 2828 239 104 0.05 0.07 -1.85 3853 127 24 0.31 149
1 151 322 -1.31 843 0.84 8042 0 0.03 1.73 -0.51 2781 134 135 0.05 6.04 -2.48 3609 -135 160 0.31 170
1 -296 -347 0.21 7704 -0.31 5930 0 0.03 1.73 -1.13 2705 -317 -465 0.05 5.55 2.69 3471 -726 -441 -0.07 199
1 -410 -235 0.23 7249 -0.33 5706 0 0.04 2.04 -0.75 3015 -385 -420 0.05 5.52 2.72 3681 -897 -197 0.05 199
1 -511 -150 0.14 6677 -0.48 5375 0 0.04 2.36 -0.49 3289 -490 -307 0.05 5.2 2.36 3971 -1004 32 0.05 199
1 -795 37 -0.12 3476 -1.23 3905 0 0.05 3.37 0.44 4957 -782 -47 0.06 4.12 1.19 6965 -1010 319 -0.31 128
1 -769 86 0.12 2593 -1.15 3788 0 0.05 3.68 1.06 5540 -758 15 0.06 3.86 1.24 7764 -851 412 -0.31 138
1 -732 161 0.34 1733 -1.07 3789 0 0.04 4.0 1.69 6102 -723 101 0.06 3.54 1.24 8402 -667 495 -0.31 149
0 414 42 -0.02 3194 -2.01 6704 1 0.03 2.64 -2.88 1199 392 128 0.03 1.22 1.99 1480 439 18 -0.16 199
0 453 -100 0.03 2749 -1.9 7168 0 0.03 2.32 -3.04 1240 466 -62 0.03 0.99 1.92 1609 381 -262 -0.31 76
0 406 -147 0.23 2329 -1.63 7574 0 0.03 2.01 -3.04 1354 315 -117 0.03 0.7 1.94 1730 353 -469 -0.31 57
0 346 -212 0.44 1911 -1.36 7905 0 0.03 1.82 -2.91 1437 310 -351 0.04 0.38 1.94 2061 301 -485 -0.31 129
0 261 -284 0.66 1482 -1.09 8138 0 0.03 1.54 -2.88 1608 230 -443 0.05 0.07 1.94 2343 118 -523 -0.31 149
0 148 -344 0.96 1041 -0.83 8247 0 0.03 1.73 -2.37 1867 131 -531 0.05 6.04 1.94 2483 -138 -506 -0.31 169
0 10 -378 1.49 633 -0.57 8214 0 0.03 1.41 -2.37 2044 -41 -358 0.05 5.81 2.02 2656 -349 -624 -0.31 27
0 -12 317 1.62 970 -0.21 8235 0 0.03 1.73 -1.75 1894 -33 199 0.05 5.55 2.08 2151 -442 223 0.31 101
0 -78 217 1.3 1242 -0.49 8178 0 0.04 2.04 -1.75 1820 -53 32 0.05 5.52 1.73 1612 -565 255 0.31 130
0 -130 93 1.05 1404 -0.79 8044 0 0.04 2.36 -1.75 1745 -109 -64 0.05 5.2 1.1 1273 -623 275 0.31 153
0 -148 -44 0.87 1443 -1.11 7863 0 0.05 2.43 -1.99 1750 -125 -182 0.06 4.89 0.47 1479 -567 110 0.31 114
0 -123 -179 0.73 1365 -1.44 7686 0 0.05 2.74 -1.99 1910 -104 -296 0.06 4.73 0.0 1828 -483 121 0.31 175
0 -56 -293 0.65 1189 -1.8 7579 0 0.05 3.05 -1.99 2260 -40 -392 0.06 4.42 -0.63 2222 -362 -38 0.31 199
0 54 -385 0.71 948 -2.18 7611 0 0.05 3.37 -1.99 2782 67 -469 0.06 4.12 -1.24 2445 -161 -103 0.31 177
0 168 -413 0.98 779 -2.55 7806 0 0.05 3.68 -1.99 3388 179 -484 0.06 3.86 -1.82 2406 86 -87 0.31 157
0 271 -390 1.36 845 -2.92 8148 0 0.04 4.0 -1.99 4010 280 -450 0.06 3.54 -2.44 2115 336 -56 0.31 124
1 -674 254 0.53 901 -0.97 3860 0 0.05 4.31 2.32 6454 -605 346 0.07 3.23 1.24 8838 -450 552 -0.31 153
1 -586 349 -0.86 3957 0.14 5327 0 0.05 4.63 2.95 6667 -512 595 0.07 2.91 1.24 9072 -230 564 -0.31 163
1 -469 431 -0.74 4040 0.36 4721 0 0.05 4.94 -2.71 6855 -431 748 0.08 2.86 1.5 9088 -3 567 -0.31 171
1 329 354 0.08 3213 2.19 2059 0 0.06 0.23 0.44 8144 135 646 0.11 2.95 -3.12 5951 1158 343 -0.31 199
1 426 215 0.28 2766 2.77 2101 0 0.07 0.54 1.06 8119 240 450 0.12 2.9 -2.86 4943 1290 165 -0.05 199
1 504 89 0.22 2229 3.04 2448 0 0.07 0.35 0.93 8059 186 231 0.13 2.58 -3.12 4058 1324 -7 -0.31 9
1 433 69 0.4 1796 -2.79 2821 0 0.07 0.61 1.5 8090 24 92 0.14 2.27 -3.12 3668 1130 -12 -0.31 16
1 372 45 0.53 1457 -2.39 3182 0 0.07 0.93 2.13 7236 1302 -292 0.15 1.95 -3.12 3675 968 -34 -0.31 38
1 317 8 0.65 1195 -2.03 3517 0 0.06 0.61 2.13 6043 968 -375 0.16 1.66 -3.11 3745 837 -228 -0.31 65
1 255 -44 0.76 981 -1.7 3815 0 0.06 0.33 2.16 5132 647 -423 0.16 1.4 -3.05 3919 690 -278 -0.31 93
1 173 -103 0.92 786 -1.39 4050 0 0.06 0.09 2.23 4512 336 -440 0.16 1.08 -3.05 3934 462 -452 -0.31 122
1 66 -152 -1.11 4193 2.75 7759 0 0.05 6.09 2.27 4230 38 -405 0.16 0.77 -3.05 3746 189 -566 -0.31 153
0 335 -329 1.54 1129 3.0 8580 0 0.05 4.31 -1.99 4483 404 -237 0.07 3.23 -3.07 1674 559 -31 0.31 10
0 293 -276 1.46 1491 2.66 8965 0 0.05 4.63 -1.99 4746 367 -30 0.07 2.91 2.58 1426 649 -61 0.31 21
0 263 -223 1.28 1833 2.32 9314 0 0.05 4.94 -1.99 4870 301 94 0.08 2.86 2.22 1625 729 -87 0.31 40
0 243 -161 1.06 2120 1.99 9630 0 0.05 5.25 -1.99 4791 189 254 0.08 2.83 1.87 2243 801 -98 0.31 64
0 222 -84 0.83 2333 1.67 9906 0 0.06 5.57 -1.99 4519 49 380 0.09 3.14 1.87 3058 866 -31 0.31 57
0 187 7 0.6 2446 1.36 10121 0 0.06 5.88 -1.99 4253 40 401 0.1 3.09 1.5 3974 904 43 0.31 119
0 125 104 0.36 2439 1.06 10245 0 0.06 6.2 -1.99 3854 -104 448 0.11 3.11 1.2 4920 904 127 0.31 147
0 30 189 0.12 2297 0.77 10244 0 0.06 0.23 -1.99 3411 -164 481 0.11 2.95 0.73 5846 859 178 0.31 170
0 -93 244 -0.13 2017 0.49 10095 0 0.07 0.54 -1.99 2892 -279 479 0.12 2.9 0.37 6696 771 194 0.31 199
0 -179 160 -1.04 775 -0.2 9026 0 0.07 0.93 -2.36 1329 751 -177 0.15 1.95 -1.33 8121 417 81 0.1 0
0 -152 136 -0.28 8839 -0.72 6814 0 0.06 0.61 -2.78 1968 499 -247 0.16 1.66 -1.73 8562 368 -100 0.1 0
0 -129 115 -0.37 8683 -0.81 6616 0 0.06 0.33 3.12 2361 263 -264 0.16 1.4 -2.09 8933 306 -119 0.02 0
0 -109 97 -0.38 8552 -0.82 6450 0 0.06 0.09 2.86 2534 54 -240 0.16 1.08 -2.43 9176 180 -252 0.02 199
1 -65 -175 -0.85 4214 3.08 7893 0 0.06 5.81 2.3 4333 -239 -311 0.16 0.45 -3.05 3378 -79 -585 -0.31 172
1 -201 -155 -0.6 4098 -2.87 8175 0 0.06 5.5 2.3 4703 -407 -212 0.16 0.14 -3.05 2797 -369 -525 -0.31 199
1 -334 -86 -0.36 3825 -2.56 8581 0 0.06 5.24 2.36 5349 -575 -22 0.16 6.11 -3.05 2042 -602 -378 -0.31 199
1 -426 20 -0.13 3415 -2.27 9051 0 0.06 5.15 2.58 6217 -702 228 0.17 6.27 -2.58 1122 -798 -224 -0.31 93
1 -269 -22 0.11 3148 -1.97 9404 0 0.07 4.83 2.58 6890 -503 154 0.16 5.97 -2.57 1184 336 -619 -0.19 0
1 -228 -18 0.23 2979 -1.78 9668 0 0.07 4.52 2.46 7426 -408 225 0.16 5.83 -2.51 1660 133 -451 -0.09 0
1 -193 -15 0.26 2847 -1.7 9893 0 0.07 4.31 2.34 7879 -340 204 0.16 5.93 -2.32 1931 -46 -323 -0.09 0
1 -234 280 0.05 2050 -1.85 10436 0 0.09 3.4 1.34 8744 39 631 0.16 5.62 -2.72 1290 -497 346 -0.31 80
1 -211 304 0.35 1615 -1.57 10610 0 0.09 3.09 1.34 8896 190 593 0.16 5.55 -2.48 1073 -560 473 -0.31 100
1 -167 346 0.7 1164 -1.3 10742 0 0.09 3.02 1.59 8947 342 570 0.17 5.52 -2.2 1482 -585 607 -0.31 130
1 -93 394 1.22 727 -1.03 10800 0 0.1 2.81 1.69 8895 500 529 0.17 5.79 -1.61 2133 -448 615 -0.31 152
1 11 429 -0.76 10753 -1.12 7062 0 0.11 2.5 1.69 8730 651 441 0.18 5.48 -1.61 2758 -290 616 -0.31 175
1 287 400 -0.23 10253 -0.65 6972 0 0.12 2.37 2.2 8053 982 199 0.18 4.85 -1.61 3667 71 534 -0.31 199
0 -944 -54 -0.13 4601 -1.1 3531 0 0.06 5.15 1.94 3165 -1220 154 0.17 6.27 3.05 5456 -1316 -298 -0.31 144
0 -921 -15 0.16 3521 -1.09 3129 0 0.07 4.83 1.94 4347 -1155 161 0.16 5.97 3.07 5163 -316 -612 -0.31 139
0 -883 51 0.47 2481 -1.11 2994 0 0.07 4.52 1.94 5482 -1063 294 0.16 5.83 -3.04 5142 -522 -382 -0.31 140
0 -826 135 0.83 1499 -1.12 3092 0 0.07 4.31 2.04 6564 -973 354 0.16 5.93 -2.62 4931 -679 -173 -0.31 144
0 -747 230 1.51 651 -1.08 3334 0 0.08 4.03 2.08 7441 -764 547 0.16 5.62 -2.62 4550 -756 73 -0.31 129
0 -642 321 -1.0 3626 0.17 4604 0 0.08 3.72 2.08 8095 -514 683 0.16 5.74 -2.18 4083 -795 275 -0.31 152
0 -514 396 -0.87 3901 0.37 4036 0 0.09 3.4 2.08 8517 -241 747 0.16 5.62 -1.99 3602 -777 462 -0.31 162
0 -363 452 -0.72 4108 0.58 3474 0 0.09 3.09 2.08 8698 38 741 0.16 5.55 -1.75 3196 -712 621 -0.31 173
0 163 408 -0.18 4006 1.51 1880 0 0.11 2.5 2.43 7833 803 420 0.18 5.48 -0.87 2881 -138 595 -0.31 199
0 303 304 0.03 3709 2.06 1567 0 0.11 2.44 2.69 7110 977 206 0.18 5.17 -0.87 2797 48 462 -0.31 199
1 412 317 0.05 9795 -0.41 6732 0 0.13 2.18 2.32 7561 1101 8 0.19 4.54 -1.61 3921 231 442 -0.23 199
1 508 207 0.24 9227 -0.27 6372 0 0.14 1.87 2.23 7196 1093 -55 0.19 4.22 -1.69 4042 355 313 0.05 199
1 667 58 0.1 7791 -0.55 5408 0 0.15 1.24 1.52 6980 1089 -140 0.19 3.65 -2.36 4386 721 276 0.03 199
1 731 7 0.05 6946 -0.72 4877 0 0.16 0.93 1.17 7173 1083 -169 0.19 3.4 -2.64 4751 941 235 0.0 199
1 786 -34 0.02 6033 -0.89 4378 0 0.16 0.61 0.86 7386 946 -281 0.19 3.11 -2.93 5326 1094 156 0.0 199
1 833 -69 -0.0 5061 -1.1 3980 0 0.16 0.51 0.75 7602 821 -360 0.19 2.79 3.04 6090 1169 66 0.0 199
1 872 -100 -0.04 4038 -1.37 3766 0 0.16 0.44 0.68 7833 1180 40 0.2 2.55 2.79 7011 826 -539 -0.31 119
1 827 -139 0.24 3060 -1.31 3770 0 0.16 0.58 1.13 8593 946 -114 0.2 2.5 3.05 7415 923 -614 -0.31 126
1 771 -201 0.53 2124 -1.24 3927 0 0.16 0.58 1.45 9110 731 -273 0.21 2.55 -2.86 8048 993 -699 -0.31 130
1 697 -275 0.86 1243 -1.14 4164 0 0.17 0.4 1.59 9462 569 -375 0.21 2.58 -2.51 8881 1030 -788 -0.31 129
1 600 -356 -1.01 4414 -0.26 5471 0 0.17 0.09 1.59 9563 322 -455 0.22 2.27 -2.51 9709 883 -792 -0.31 152
1 478 -427 -0.85 4628 -0.07 5124 0 0.17 0.4 2.22 9888 619 125 0.22 1.95 -2.51 10464 718 -797 -0.31 164
1 332 -480 -0.68 4767 0.13 4739 0 0.17 0.72 2.84 10191 324 -123 0.23 1.64 -2.51 11095 536 -794 -0.31 176
0 478 42 0.25 2788 3.03 1900 0 0.13 2.18 2.81 5192 1167 -267 0.19 4.54 -1.12 2330 297 167 0.02 198
0 544 -62 0.16 2171 -3.11 2454 0 0.14 1.87 2.48 4337 1129 -324 0.19 4.22 -1.45 1914 391 44 -0.31 9
0 467 -59 0.36 1656 -2.72 2962 0 0.14 1.55 2.48 3841 964 -292 0.19 3.96 -1.4 1535 454 155 -0.31 18
0 401 -64 0.52 1229 -2.36 3418 0 0.15 1.24 2.48 3662 823 -262 0.19 3.65 -1.4 1297 455 154 -0.31 0
0 341 -86 0.62 880 -2.02 3824 0 0.16 0.93 2.48 3683 693 -262 0.19 3.4 -1.33 1261 551 142 -0.31 64
0 273 -125 -1.7 4178 2.15 7777 0 0.16 0.61 2.48 3607 433 -372 0.19 3.11 -1.31 1481 581 65 -0.31 99
0 183 -174 -1.41 4461 2.5 7632 0 0.16 0.51 2.69 3351 171 -465 0.19 2.79 -1.31 1795 519 -39 -0.31 126
0 69 -211 -1.14 4647 2.85 7636 0 0.16 0.44 2.93 2899 377 -71 0.2 2.55 -1.24 2096 23 -650 -0.31 150
0 -62 -220 -0.88 4713 -3.09 7797 0 0.16 0.58 -2.9 2836 57 -195 0.2 2.5 -0.98 1869 34 -695 -0.31 170
0 -197 -188 -0.63 4641 -2.76 8096 0 0.16 0.58 -2.58 2445 -237 -260 0.21 2.55 -0.61 1971 25 -686 -0.31 199
0 -329 -109 -0.39 4410 -2.45 8504 0 0.17 0.4 -2.44 1853 -457 -209 0.21 2.58 -0.26 2298 4 -622 -0.31 198
0 -312 69 0.09 3733 -1.87 9313 0 0.17 0.4 -1.82 1070 -171 621 0.22 1.95 -0.26 2739 -72 -301 -0.09 0
0 -265 58 0.13 3476 -1.8 9584 0 0.17 0.72 -1.41 1506 -273 415 0.23 1.64 -0.49 2949 -61 -256 -0.07 0
0 -225 49 0.15 3268 -1.74 9816 0 0.17 0.77 -1.29 1826 -353 234 0.24 1.33 -0.73 3292 -93 -382 -0.12 0
1 -182 -427 -0.1 4472 0.87 3272 0 0.17 1.22 -1.99 9045 -421 -566 0.24 0.72 -2.5 11773 -288 -974 -0.31 199
1 -637 98 0.12 1720 2.5 2302 0 0.19 2.36 -0.28 5380 -613 -281 0.26 5.71 3.07 8523 -1260 -17 0.31 29
1 -565 87 -0.35 1077 2.39 2727 0 0.2 2.67 -0.28 4972 -394 -312 0.26 5.78 2.83 7584 -1242 73 0.31 35
1 -509 70 2.22 3177 0.24 6758 0 0.2 2.97 -0.3 4751 -258 -288 0.27 5.57 2.3 6743 -1213 168 0.31 45
1 -467 43 2.0 3614 -0.04 6266 0 0.21 3.0 -0.58 4753 -86 -284 0.28 5.5 1.92 6047 -1186 245 0.31 58
1 -433 2 1.77 4017 -0.32 5801 0 0.21 2.69 -1.2 4952 43 -349 0.29 5.53 1.64 5581 -1168 290 0.31 78
1 -400 -58 1.53 4373 -0.61 5346 0 0.22 2.72 -1.48 5139 4 -356 0.29 5.59 1.38 5443 -1155 295 0.31 99
1 -356 -135 1.29 4662 -0.91 4901 0 0.22 2.9 -1.62 5414 38 -400 0.3 5.27 0.75 5617 -1078 293 0.31 131
1 -288 -220 1.06 4863 -1.24 4481 0 0.23 3.09 -1.75 5754 46 -445 0.31 4.96 0.12 6079 -901 143 0.31 149
1 -191 -299 0.83 4954 -1.61 4130 0 0.23 3.4 -1.75 6205 104 -487 0.32 4.75 -0.4 6632 -712 9 0.31 167
0 -213 196 0.26 2768 -1.59 10189 0 0.17 1.22 -0.65 2387 -452 57 0.24 0.72 -1.15 4022 -319 -351 0.19 198
0 -260 316 0.04 2291 -1.82 10390 0 0.17 1.54 -0.52 2813 -467 76 0.24 0.4 -1.66 4190 -506 -216 -0.31 80
0 -232 337 0.33 1810 -1.55 10574 0 0.18 1.85 0.1 3149 -374 16 0.24 0.16 -1.59 4371 -609 -141 -0.31 107
0 -184 376 0.67 1318 -1.28 10713 0 0.18 1.73 0.3 3410 -286 -5 0.25 6.13 -1.59 4525 -672 -3 -0.31 132
0 -106 420 1.15 839 -1.02 10776 0 0.18 2.04 0.93 3644 -185 82 0.25 5.81 -1.59 4617 -672 176 -0.31 155
0 1 451 -0.75 10734 -1.11 7011 0 0.19 2.36 1.55 3669 25 72 0.26 5.71 -1.38 4659 -622 336 -0.31 176
0 280 414 -0.22 10243 -0.64 6940 0 0.2 2.97 2.79 3040 531 56 0.27 5.57 -0.89 4708 -424 512 -0.31 199
0 503 215 0.26 9229 -0.25 6358 0 0.21 2.69 3.07 2182 979 -136 0.29 5.53 -0.37 4759 -232 503 0.07 199
0 664 63 0.11 7802 -0.55 5404 0 0.22 2.9 -3.11 3087 1058 -202 0.3 5.27 -0.73 4815 -58 491 0.03 199
0 729 11 0.05 6961 -0.71 4875 0 0.23 3.09 -2.95 4083 1063 -214 0.31 4.96 -1.08 4675 116 374 0.0 199
0 784 -30 0.03 6050 -0.88 4377 0 0.23 3.4 -2.64 5220 1079 -218 0.32 4.75 -1.29 4390 263 278 0.0 199
0 831 -65 -0.0 5080 -1.1 3979 0 0.23 3.72 -2.32 6419 1081 -224 0.32 4.68 -1.36 3973 389 196 0.0 199
0 871 -96 -0.03 4061 -1.36 3764 0 0.23 4.03 -2.01 7652 1083 -231 0.33 4.36 -1.68 3426 546 265 -0.31 120
1 247 -356 0.14 4401 -2.88 4145 0 0.23 4.35 -1.75 8200 427 -470 0.34 4.05 -2.04 7319 28 24 0.31 199
1 565 -86 -0.21 2755 2.72 5818 0 0.22 5.29 -1.36 9921 548 126 0.35 3.37 3.0 5251 818 330 0.31 18
1 492 -63 -0.45 2201 2.4 6400 0 0.23 5.6 -1.36 10088 347 225 0.35 3.19 2.51 4339 876 298 0.31 33
1 433 -29 -0.68 1719 2.08 6912 0 0.23 5.92 -1.36 10065 165 272 0.36 2.93 1.94 3572 905 245 0.31 57
1 380 22 -0.9 1290 1.78 7357 0 0.23 6.2 -1.4 9861 -17 293 0.36 2.84 1.54 3063 943 205 0.31 95
1 319 91 -1.16 905 1.48 7727 0 0.24 0.23 -1.4 9501 -184 283 0.37 2.58 0.96 2903 861 206 0.31 114
1 236 167 1.19 7999 0.7 5964 0 0.24 0.4 -1.54 8993 -347 262 0.37 2.9 0.96 2950 704 262 0.31 136
1 127 232 0.91 8150 0.44 5972 0 0.25 0.26 -1.99 8292 -532 269 0.38 2.58 0.33 3054 524 312 0.31 160
1 -6 271 0.64 8155 0.18 5834 0 0.26 0.3 -2.27 7406 -728 254 0.38 2.9 0.33 3105 331 339 0.31 180
1 -411 124 -0.2 7225 -0.71 4624 0 0.29 0.19 2.97 4211 -1281 26 0.37 3.84 0.33 2567 -205 164 0.07 199
0 827 -136 0.24 3083 -1.31 3765 0 0.23 4.35 -1.38 8815 1007 -250 0.34 4.05 -1.68 2875 608 244 -0.31 126
0 772 -198 0.53 2148 -1.23 3919 0 0.23 4.66 -0.75 9894 925 -294 0.34 3.84 -1.57 2343 717 234 -0.31 133
0 698 -274 0.86 1266 -1.13 4155 0 0.22 4.97 -0.12 10820 785 -192 0.34 3.63 -1.47 1963 801 172 -0.31 143
0 601 -355 -1.0 4403 -0.25 5476 0 0.22 5.29 0.51 11511 584 -143 0.35 3.37 -1.41 1896 854 61 -0.31 152
0 479 -426 -0.85 4616 -0.07 5127 0 0.23 5.6 1.13 11909 334 -138 0.35 3.19 -1.27 2201 863 -65 -0.31 164
0 332 -480 -0.68 4753 0.13 4741 0 0.23 5.92 1.76 11996 64 -179 0.36 2.93 -1.22 2706 804 -206 -0.31 176
0 -182 -427 -0.09 4454 0.87 3268 0 0.24 0.4 -2.81 10338 -765 -332 0.37 2.9 -0.31 4040 286 -332 -0.31 199
0 -319 -321 0.12 4106 1.22 2743 0 0.25 0.26 -2.64 9272 -978 -284 0.38 2.58 -0.31 4117 78 -241 -0.3 199
0 -637 97 0.11 1702 2.5 2314 0 0.29 0.19 -2.44 3741 -1507 -1 0.37 3.84 1.2 2880 -431 137 0.31 29
0 -565 86 -0.35 1060 2.4 2741 0 0.3 0.16 -2.79 2745 -1472 -24 0.37 4.15 1.2 2449 -380 135 0.31 35
0 -509 69 2.22 3192 0.24 6743 0 0.3 6.13 2.86 2618 -1375 -9 0.37 4.47 1.2 2079 -345 139 0.31 45
1 -658 -84 -0.13 5187 -0.97 2830 0 0.31 5.81 2.32 4746 -1394 -150 0.37 4.78 1.29 1187 -519 -21 -0.02 199
1 -719 -127 -0.11 4328 -1.22 2312 0 0.32 5.5 2.02 5939 -1344 -183 0.37 5.1 1.62 819 -607 -59 0.0 151
1 -729 -361 -0.17 3403 -1.64 2284 0 0.32 5.2 1.73 7351 -1286 -359 0.37 5.22 1.75 1298 -675 -353 -0.31 92
1 -697 -308 0.06 2544 -1.68 2579 0 0.34 4.89 1.73 8668 -1173 -290 0.37 5.53 2.37 1920 -480 -41 -0.31 90
1 -666 -239 0.24 1756 -1.62 3025 0 0.34 4.57 1.73 9747 -1048 -56 0.37 5.85 3.0 2453 -636 59 -0.31 101
1 -636 -154 0.34 1042 -1.49 3507 0 0.33 4.26 1.73 10578 -887 154 0.37 6.16 -2.65 3208 -779 120 -0.31 114
1 -598 -54 -1.32 3959 -0.37 5612 0 0.33 3.94 1.73 11179 -708 315 0.37 6.25 -2.25 4143 -889 185 -0.31 122
1 -542 51 -1.13 4342 -0.17 5412 0 0.34 3.7 1.8 11523 -492 454 0.38 0.28 -1.62 5200 -953 208 -0.31 171
1 -463 162 -0.93 4627 0.05 5159 0 0.34 3.39 1.8 11613 -256 545 0.38 0.17 -1.41 6315 -979 265 -0.31 153
1 -355 266 -0.72 4791 0.28 4834 0 0.34 3.11 1.83 11453 -10 585 0.39 0.49 -0.79 7413 -943 273 -0.31 170
1 -218 347 -0.5 4818 0.54 4437 0 0.35 2.9 1.94 11045 240 576 0.4 0.17 -0.79 8476 -900 470 -0.31 199
1 -50 398 -0.28 4686 0.83 3976 0 0.35 2.67 2.02 10387 490 514 0.4 0.49 -0.16 9263 -629 502 -0.31 199
1 395 257 0.32 3496 1.94 2843 0 0.36 2.37 2.55 7914 747 307 0.4 1.38 1.55 10186 -4 262 0.03 199
1 503 193 0.23 2880 2.13 2803 0 0.37 2.37 2.51 6980 802 235 0.4 1.69 1.83 10053 164 197 0.05 199
0 -467 42 2.0 3629 -0.04 6251 0 0.31 5.81 2.23 3263 -1203 -24 0.37 4.78 1.2 1746 -328 105 0.31 58
0 -433 1 1.77 4033 -0.32 5785 0 0.32 5.5 1.61 4186 -1058 -55 0.37 5.1 1.2 1437 -321 69 0.31 78
0 -144 87 1.27 4649 -0.9 4983 0 0.34 4.89 0.37 5962 -620 105 0.37 5.53 1.01 906 73 354 0.31 131
0 -108 -33 0.98 4745 -1.21 4851 0 0.34 4.57 -0.26 6406 -490 150 0.37 5.85 1.01 1121 -78 265 0.31 156
0 -35 -146 0.7 4707 -1.55 4736 0 0.33 4.26 -0.89 6645 -286 162 0.37 6.16 1.01 1192 -178 128 0.31 174
0 462 -231 -0.22 3094 -2.95 5610 0 0.34 3.11 3.14 4712 807 88 0.39 0.49 0.52 811 -126 -224 -0.07 55
0 431 -88 -0.16 2566 -2.91 6105 0 0.35 2.9 3.0 3690 889 141 0.4 0.17 0.28 1039 -251 35 -0.14 199
0 531 -115 -0.04 1928 -2.8 6711 0 0.35 2.67 2.91 2634 1071 1 0.4 0.49 0.73 1079 -48 -11 -0.31 15
0 462 -104 0.25 1371 -2.51 7243 0 0.36 2.37 2.93 1955 950 -34 0.41 0.75 1.31 1115 -65 -49 -0.31 28
0 408 -106 0.53 877 -2.22 7715 0 0.36 2.69 -2.72 1794 823 -47 0.41 1.06 1.94 1133 -62 -100 -0.31 48
0 362 -127 -1.92 8134 -2.39 5922 0 0.36 2.37 -2.72 2093 714 -77 0.4 1.38 2.57 1131 -37 -122 -0.31 86
0 312 -171 -1.64 8499 -2.08 6341 0 0.37 2.37 -2.41 2609 611 -129 0.4 1.69 -3.09 1133 -27 -167 -0.31 99
1 596 149 0.13 2168 2.31 3012 0 0.37 2.15 2.23 6000 850 184 0.4 2.01 2.09 9620 380 -1 0.31 37
1 538 133 -0.27 1535 2.18 3326 0 0.37 1.83 1.61 5066 798 -1 0.4 2.32 2.09 9050 471 -118 0.31 51
1 494 135 -0.78 979 2.0 3687 0 0.38 1.55 1.01 4236 715 22 0.4 2.64 2.09 8335 585 -160 0.31 65
1 456 156 1.8 4053 -0.56 8019 0 0.38 1.24 0.38 3503 643 60 0.4 2.88 2.02 7500 697 -137 0.31 76
1 413 192 1.59 4398 -0.88 7489 0 0.38 0.93 -0.24 2884 571 111 0.4 3.19 2.02 6595 787 -48 0.31 103
1 358 246 1.36 4699 -1.22 7004 0 0.37 0.65 -0.84 2461 434 135 0.41 3.51 2.02 5709 834 103 0.31 120
1 281 307 1.14 4930 -1.58 6596 0 0.37 0.33 -1.47 2281 278 190 0.41 3.67 1.87 4957 833 270 0.31 139
1 177 363 0.91 5068 -1.95 6309 0 0.37 0.02 -2.09 2457 5 261 0.42 3.35 1.24 4413 812 366 0.31 159
1 48 397 0.69 5093 -2.34 6194 0 0.38 5.99 -2.72 2964 -260 360 0.43 3.67 1.24 4238 734 484 0.31 174
1 -96 395 0.47 4991 -2.73 6282 0 0.38 5.69 2.95 3762 -498 458 0.44 3.49 0.75 4399 647 526 0.31 199
1 -467 132 -0.22 3887 2.5 7612 0 0.39 4.8 1.12 6823 -806 415 0.46 3.12 -0.56 5484 383 278 0.1 199
1 -592 -88 -0.16 2622 2.45 8921 0 0.4 4.24 0.49 8826 -728 403 0.48 2.5 -1.26 5659 21 17 0.31 31
1 -519 -95 -0.4 2028 2.16 9523 0 0.41 3.93 -0.14 9631 -551 405 0.48 2.18 -1.88 5062 -71 -571 0.31 52
0 244 -229 -1.35 8789 -1.79 6718 0 0.37 2.15 -2.32 3170 498 -194 0.4 2.01 -2.46 1160 28 -379 -0.31 126
0 150 -287 -1.08 8981 -1.5 7030 0 0.37 1.83 -2.32 3863 410 -421 0.4 2.32 -1.83 1422 83 -538 -0.31 152
0 28 -328 -0.8 9047 -1.23 7249 0 0.38 1.55 -2.29 4443 249 -441 0.4 2.64 -1.2 1945 119 -623 -0.31 172
0 -112 -334 -0.53 8966 -0.98 7348 0 0.38 1.24 -2.29 4885 75 -430 0.4 2.88 -0.65 2582 129 -627 -0.31 199
0 -264 -296 -0.27 8720 -0.73 7300 0 0.38 0.93 -2.29 5165 -106 -377 0.4 3.19 -0.02 3167 110 -536 -0.31 199
0 -561 -10 0.14 7176 -0.43 6334 0 0.37 0.02 -2.69 5131 -733 -112 0.42 3.35 0.65 3709 74 -7 0.05 199
0 -797 189 -0.03 3782 -1.04 4291 0 0.39 5.11 2.34 5642 -1184 390 0.45 3.4 0.63 2450 15 364 -0.31 149
0 -776 240 0.25 2832 -0.94 3953 0 0.39 4.8 2.34 6290 -1115 523 0.46 3.12 0.66 1993 74 386 -0.31 157
0 -733 317 0.55 1894 -0.86 3729 0 0.4 4.49 2.34 6945 -983 723 0.47 2.81 0.66 1474 -11 441 -0.31 166
0 -625 -75 -0.64 4029 0.31 5600 0 0.41 3.93 2.41 8225 -657 425 0.48 2.18 0.66 1397 -177 -551 -0.31 178
1 -455 -121 -0.62 1500 1.86 10051 0 0.41 3.65 -0.73 10215 -334 386 0.47 2.5 -1.88 4443 -75 -525 0.31 114
1 -388 -169 -0.83 1018 1.57 10501 0 0.42 3.33 -1.36 10544 -132 292 0.47 2.81 -1.88 3842 -65 -512 0.31 102
1 -304 -229 1.28 10857 0.91 7310 0 0.42 3.14 -1.87 10584 83 163 0.47 3.12 -1.88 3231 -30 -520 0.31 129
1 -195 -285 0.99 11093 0.65 7416 0 0.42 2.83 -2.5 10310 295 -4 0.46 3.44 -1.88 2603 37 -532 0.31 154
1 -61 -322 0.71 11184 0.39 7378 0 0.43 2.62 -3.02 9730 502 -169 0.46 3.75 -1.88 1974 136 -531 0.31 174
1 370 -187 -0.14 10466 -0.45 6377 0 0.45 2.6 2.3 6689 1080 -331 0.46 4.66 -1.92 2030 589 -123 0.17 199
1 465 -81 -0.29 9942 -0.62 5821 1 0.46 2.46 1.99 5587 1200 -309 0.46 4.97 -1.78 2729 607 137 -0.09 199
1 552 -4 -0.19 9305 -0.55 5178 1 0.47 2.16 1.78 4626 1272 -338 0.46 5.25 -1.41 3520 602 299 -0.05 199
0 -110 259 0.03 4377 1.08 4802 0 0.42 3.14 2.57 8430 277 651 0.47 3.12 2.55 1973 164 -32 -0.31 199
0 70 264 0.29 4137 1.42 4500 0 0.42 2.83 2.57 7916 560 545 0.46 3.44 -3.11 1953 302 17 -0.12 199
0 227 249 0.38 3757 1.61 4248 0 0.43 2.62 2.48 7169 790 402 0.46 3.75 -2.67 2016 424 40 0.14 199
0 459 284 0.09 2607 1.62 3933 0 0.44 2.51 2.11 5250 1123 215 0.46 4.35 -2.34 2558 717 360 0.0 199
0 546 307 0.09 1869 1.81 3956 0 0.45 2.6 2.2 4286 1256 163 0.46 4.66 -2.02 3231 765 371 0.31 83
0 517 307 -0.25 1162 1.66 4089 1 0.46 2.46 1.75 3600 1252 79 0.46 4.97 -2.02 3903 659 525 0.31 97
0 481 330 1.51 4284 -0.67 8249 1 0.47 2.16 1.13 3352 1201 -4 0.46 5.25 -2.06 4555 531 633 0.31 106
0 429 367 1.34 4501 -1.02 7629 1 0.47 1.85 0.51 3698 1041 84 0.46 5.57 -2.06 5123 344 736 0.31 114
0 794 221 0.94 5492 -1.7 6142 1 0.49 1.22 -0.75 5069 1216 -120 0.47 6.2 -2.06 6314 431 559 0.31 156
0 587 288 0.71 6108 -2.04 5386 1 0.49 0.98 -1.31 5755 850 -142 0.48 0.23 -2.06 6814 168 550 0.31 174
1 8 395 0.0 5371 -1.09 3034 1 0.5 0.14 0.16 5354 -188 -25 0.5 1.17 1.19 6318 -499 268 -0.31 199
1 296 167 0.31 4862 -0.89 3344 0 0.51 5.86 0.02 5115 -77 -53 0.51 1.66 2.09 5856 -68 -237 0.1 199
1 412 86 0.17 4397 -1.15 3364 0 0.51 5.55 -0.4 5143 95 -101 0.51 1.97 2.3 5590 169 -414 0.09 199
1 515 31 0.05 3807 -1.41 3399 0 0.51 5.24 -0.8 5312 246 -127 0.53 2.29 2.53 5486 420 -522 0.03 199
1 603 -9 -0.03 3111 -1.65 3520 0 0.51 4.92 -1.15 5684 637 -545 0.53 2.6 2.81 5732 336 21 -0.31 94
1 582 -48 0.24 2434 -1.52 3722 0 0.51 5.08 -0.68 6139 550 -345 0.53 2.62 -3.14 6151 502 -108 -0.31 106
1 555 -108 0.52 1772 -1.37 3956 0 0.51 5.25 -0.19 6562 440 -215 0.53 2.93 -2.51 6708 653 -195 -0.31 122
1 514 -188 0.86 1128 -1.2 4181 0 0.51 4.94 -0.19 6961 377 -114 0.53 2.81 -2.32 7374 758 -316 -0.31 133
1 448 -277 -1.03 4364 -0.28 5480 0 0.51 4.73 -0.09 7329 330 -45 0.53 2.58 -2.23 8078 777 -461 -0.31 153
1 353 -359 -0.84 4478 -0.06 5157 0 0.51 4.49 -0.02 7586 253 -162 0.54 2.34 -2.16 8789 750 -637 -0.31 165
1 229 -425 -0.66 4500 0.17 4761 0 0.52 4.17 -0.02 7756 177 -203 0.54 2.23 -1.95 9383 579 -677 -0.31 177
1 -241 -407 -0.06 3875 1.03 3204 0 0.53 3.23 -0.02 7915 55 -178 0.56 1.29 -1.95 10364 25 -620 -0.31 199
0 -789 -22 -0.08 3059 -3.11 8225 0 0.51 4.49 1.31 1291 -889 175 0.54 2.34 -0.84 1343 -392 -300 -0.31 10
0 -678 -16 0.21 2262 -2.8 9023 0 0.52 4.17 1.31 2010 -730 206 0.54 2.23 -0.63 906 -328 -268 -0.31 60
0 -516 349 0.69 1635 -2.52 9636 0 0.53 3.86 1.31 2863 -524 568 0.55 1.92 -0.63 1133 -112 391 0.31 178
0 -584 339 0.81 1089 -2.87 10320 0 0.53 3.54 0.68 3716 -435 591 0.55 1.61 -1.26 1397 -235 211 0.31 171
0 -641 283 1.33 903 3.07 11083 0 0.53 3.23 0.05 4434 -345 512 0.56 1.29 -1.88 1604 -375 70 0.31 127
0 -647 203 1.69 1262 2.73 11855 0 0.53 2.91 -0.58 4995 -297 374 0.56 0.98 -2.51 1846 -488 -77 0.31 92
1 -619 3 0.14 1599 2.47 2453 0 0.54 1.99 -0.68 7588 -148 -206 0.57 0.14 -2.53 8507 -872 -278 0.31 31
1 -552 6 -0.39 1004 2.37 2793 0 0.55 1.69 -1.29 7455 -136 -293 0.58 6.11 3.12 7633 -934 -203 0.31 37
1 -500 0 2.2 3181 0.2 6691 0 0.55 1.38 -1.92 7315 -174 -399 0.58 6.02 2.72 6734 -989 -134 0.31 46
1 -459 -17 2.0 3572 -0.09 6179 0 0.56 1.08 -2.53 7151 -242 -469 0.59 5.95 2.34 5845 -1035 -75 0.31 59
1 -425 -50 1.78 3945 -0.38 5694 0 0.56 0.77 3.12 6938 -363 -552 0.6 6.07 2.15 5053 -1080 -62 0.31 79
1 -391 -102 1.55 4279 -0.68 5223 0 0.57 0.52 2.57 6714 -484 -614 0.6 6.06 1.82 4485 -1113 -74 0.31 102
1 -345 -172 1.31 4556 -1.0 4769 0 0.57 0.21 1.94 6532 -590 -643 0.61 6.0 1.45 4292 -1122 -102 0.31 127
1 -276 -250 1.08 4752 -1.34 4355 0 0.57 6.18 1.31 6449 -653 -633 0.62 6.2 1.33 4578 -1081 -179 0.31 145
1 -178 -322 0.86 4847 -1.72 4027 0 0.58 6.07 0.89 6515 -664 -613 0.63 6.02 0.84 5194 -1026 -218 0.31 164
1 -52 -371 0.63 4822 -2.14 3851 0 0.58 6.06 0.56 6732 -630 -579 0.64 5.88 0.38 5941 -929 -218 0.31 179
1 245 -351 0.19 4373 -2.99 4160 0 0.6 5.79 -0.33 7256 -449 -353 0.65 5.25 -0.87 7129 -388 -241 0.31 199
1 376 -271 -0.04 3955 2.91 4616 0 0.6 5.9 -0.54 7404 -371 -209 0.66 4.96 -1.48 7299 -199 -24 0.31 199
1 470 -152 -0.28 3434 2.57 5184 0 0.61 5.95 -0.8 7396 -325 -44 0.67 4.64 -2.11 7233 -16 86 0.0 199
0 -612 124 1.7 1813 2.41 12583 0 0.53 2.6 -1.2 5307 -185 191 0.57 0.66 -3.14 2211 -543 -165 0.31 33
0 -536 81 1.55 2361 2.09 13219 0 0.54 2.3 -1.82 5365 -61 11 0.57 0.35 2.51 2777 -636 -223 0.31 58
0 -469 22 1.34 2842 1.78 13771 0 0.54 1.99 -2.44 5203 2 -187 0.57 0.14 1.99 3525 -722 -259 0.31 85
0 -396 -52 1.11 3230 1.47 14232 0 0.55 1.69 -3.05 4898 20 -351 0.58 6.11 1.36 4398 -778 -261 0.31 111
0 -304 -134 0.88 3503 1.17 14581 0 0.55 1.38 2.6 4478 22 -533 0.58 6.02 0.96 5321 -793 -268 0.31 139
0 -185 -207 0.65 3640 0.87 14788 0 0.56 1.08 1.99 4028 32 -659 0.59 5.95 0.58 6225 -761 -265 0.31 165
0 -41 -254 0.42 3622 0.58 14830 0 0.56 0.77 1.36 3669 21 -756 0.6 6.07 0.38 7065 -696 -266 0.31 199
0 278 -218 -0.05 3089 -0.01 14355 0 0.57 0.21 0.17 3523 33 -689 0.61 6.0 -0.31 8392 -499 -148 0.3 199
0 396 -128 -0.3 2623 -0.29 13893 0 0.57 6.18 -0.44 3673 19 -511 0.62 6.2 -0.42 8877 -409 -57 -0.12 199
0 673 -11 -0.05 11818 -0.35 8017 0 0.59 5.79 -0.59 3992 32 -108 0.65 5.57 -0.82 9661 -72 119 0.02 199
1 550 -51 -0.22 2815 2.57 5835 0 0.62 5.95 -0.8 7248 -286 96 0.67 4.33 -2.43 6899 169 229 0.31 24
1 481 -28 -0.46 2281 2.26 6402 0 0.63 5.81 -1.26 7021 -381 173 0.67 4.01 -3.05 6398 263 335 0.31 41
1 425 8 -0.69 1811 1.95 6899 0 0.64 5.6 -1.78 6728 -399 253 0.67 3.7 2.6 5742 383 405 0.31 70
1 370 65 -0.93 1384 1.65 7327 0 0.65 5.29 -2.41 6436 -330 273 0.67 3.39 1.97 4964 499 443 0.31 95
1 301 136 -1.22 995 1.36 7671 0 0.65 4.99 -3.02 6119 -294 312 0.67 3.16 1.43 4128 562 460 0.31 125
1 207 210 -1.68 669 1.08 7907 0 0.66 4.68 2.64 5629 -294 487 0.68 2.88 0.84 3304 592 440 0.31 149
1 85 268 0.81 8008 0.33 5840 0 0.67 4.36 2.01 5180 -340 503 0.68 2.76 0.4 2564 569 399 0.31 168
1 -349 206 -0.01 7357 -0.51 4808 0 0.67 3.61 0.31 3865 -280 621 0.7 2.69 -0.61 1166 95 237 0.31 199
1 -786 -178 -0.12 2876 -1.9 2091 0 0.7 2.72 -0.77 4640 -339 -140 0.7 1.82 -1.68 3047 -591 -181 -0.31 70
0 1000 92 -0.09 3415 -1.93 2591 0 0.65 4.99 -1.41 2107 405 268 0.67 3.16 3.04 4303 1261 416 -0.31 64
0 903 67 0.21 2350 -1.95 3092 0 0.66 4.68 -1.41 1622 402 344 0.68 2.88 3.07 3458 1288 297 -0.31 66
0 816 29 0.51 1389 -1.85 3727 0 0.67 4.36 -1.41 1241 391 264 0.68 2.76 -3.02 3040 1300 160 -0.31 79
0 739 -24 -1.68 4368 -0.93 5449 0 0.67 4.14 -1.33 1021 470 318 0.69 3.07 -2.39 3240 1213 82 -0.31 87
0 659 -88 -1.48 4960 -0.76 5541 0 0.67 3.82 -1.33 1190 562 310 0.69 3.0 -2.15 3806 1074 0 -0.31 106
0 571 -165 -1.26 5465 -0.57 5612 0 0.67 3.61 -1.22 1689 640 250 0.7 2.69 -2.15 4499 1015 -134 -0.31 131
0 464 -248 -1.03 5858 -0.37 5618 0 0.67 3.3 -1.22 2304 690 131 0.7 2.62 -1.9 5190 907 -259 -0.31 150
0 332 -322 -0.79 6115 -0.15 5528 0 0.68 3.02 -1.19 2921 692 -22 0.7 2.46 -1.75 5761 708 -331 -0.31 169
0 177 -371 -0.56 6217 0.09 5325 0 0.68 2.88 -1.01 3501 647 -160 0.7 2.34 -1.55 6159 496 -378 -0.31 199
0 -171 -349 -0.07 5904 0.62 4564 0 0.7 2.41 -0.86 4329 355 -304 0.7 2.13 -1.13 6341 59 -353 -0.31 199
1 -727 -153 0.21 2002 -1.95 2416 1 0.7 3.04 -0.14 5073 -348 -121 0.7 1.5 -1.68 3711 -562 -155 -0.31 65
1 -671 -115 0.57 1204 -1.88 2898 1 0.72 3.35 0.49 5493 -349 -88 0.71 1.19 -1.68 4338 -536 -127 -0.31 75
1 -624 -61 -1.74 3415 -0.64 5059 1 0.71 3.63 1.08 5890 -348 -37 0.71 0.89 -1.66 4919 -512 -73 -0.31 82
1 -573 2 -1.55 3908 -0.46 4878 1 0.71 3.87 1.64 6258 -339 22 0.7 0.63 -1.61 5506 -525 -42 -0.31 102
1 -516 82 -1.34 4341 -0.27 4696 1 0.71 4.19 2.27 6870 -611 132 0.7 0.42 -1.5 5929 -336 -59 -0.31 143
1 -442 172 -1.12 4688 -0.07 4481 1 0.71 4.5 2.9 7362 -502 304 0.7 0.14 -1.47 6366 -408 35 -0.31 137
1 -343 261 -0.9 4924 0.15 4207 1 0.72 4.82 -2.76 7741 -410 542 0.7 6.28 -1.29 6856 -484 146 -0.31 159
1 -215 334 -0.68 5031 0.38 3862 1 0.72 4.99 -2.27 8047 -298 663 0.7 6.16 -1.1 7355 -503 257 -0.31 175
1 258 327 0.01 4464 1.35 2544 1 0.73 5.93 -0.38 8657 87 656 0.72 5.38 -0.94 8471 -247 517 -0.31 199
1 382 231 0.26 4010 1.85 2230 1 0.73 6.25 0.24 8592 237 510 0.72 5.06 -0.94 8571 -73 464 -0.05 199
1 574 67 0.2 2781 2.44 2339 0 0.73 0.59 0.91 8121 329 173 0.73 4.43 -1.54 8296 277 504 0.05 199
1 651 12 0.1 2023 2.63 2811 0 0.73 0.91 1.17 7753 338 -31 0.74 4.12 -1.9 7885 494 524 0.31 20
1 570 11 -0.31 1369 2.46 3316 0 0.74 1.22 1.17 7427 304 -25 0.75 3.84 -2.5 7483 568 554 0.31 31
0 -424 -165 0.31 5031 1.15 3590 1 0.7 3.04 0.24 4383 -45 -133 0.7 1.5 -1.29 5847 -259 -167 0.07 199
0 -523 -92 0.21 4421 1.2 3106 1 0.72 3.35 0.49 4142 -201 -65 0.71 1.19 -1.68 5384 -388 -104 0.03 199
0 -609 -36 0.16 3709 1.37 2693 1 0.71 3.63 0.73 3750 -333 -12 0.71 0.89 -2.01 4798 -497 -48 0.0 199
0 -682 10 0.14 2909 1.67 2468 1 0.71 3.87 0.98 3227 -448 30 0.7 0.63 -2.27 4051 -634 -34 0.31 93
0 -658 2 -0.22 2139 1.67 2479 1 0.71 4.19 0.98 2383 -753 52 0.7 0.42 -2.79 3451 -478 -139 0.31 91
0 -631 -27 -0.63 1416 1.63 2675 1 0.71 4.5 0.98 1609 -691 105 0.7 0.14 2.9 2753 -597 -164 0.31 99
0 -600 -77 -1.28 796 1.55 2977 1 0.72 4.82 0.98 1023 -667 204 0.7 6.28 2.44 1916 -741 -192 0.31 105
0 -558 -142 1.42 3315 -0.65 6418 1 0.72 4.99 0.84 905 -641 187 0.7 6.16 2.01 1095 -846 -219 0.31 115
0 -497 -216 1.27 3640 -0.97 5779 1 0.72 5.31 0.84 1382 -662 204 0.71 5.99 1.52 947 -904 -232 0.31 129
0 -414 -291 1.09 3916 -1.32 5205 1 0.72 5.62 0.84 1908 -573 81 0.71 5.67 0.89 1712 -899 -209 0.31 144
0 -306 -359 0.91 4113 -1.69 4738 1 0.73 5.93 0.84 2344 -477 -30 0.72 5.38 0.28 2594 -811 -169 0.31 160
0 -172 -408 0.72 4208 -2.1 4436 1 0.73 6.25 0.84 2607 -317 -129 0.72 5.06 -0.35 3338 -627 -175 0.31 173
0 -21 -424 0.52 4185 -2.53 4355 1 0.73 0.28 0.84 2688 -144 -187 0.73 4.75 -0.98 3802 -413 -57 0.31 199
0 147 -401 0.32 4022 -2.95 4526 0 0.73 0.59 0.84 2715 -98 -295 0.73 4.43 -1.61 3944 -150 36 0.31 199
0 294 -328 0.12 3731 2.95 4904 0 0.73 0.91 0.84 2695 -19 -371 0.74 4.12 -2.23 3712 137 184 0.31 199
1 509 18 -0.83 813 2.24 3804 0 0.73 1.54 1.17 7157 598 502 0.74 3.56 -3.09 7179 264 -24 0.31 46
1 463 39 2.0 4261 -0.38 7796 0 0.73 1.27 0.59 6939 500 322 0.74 3.25 2.57 6741 424 23 0.31 60
1 421 75 1.75 4676 -0.68 7296 0 0.73 1.26 0.26 6724 400 154 0.74 3.16 2.16 6199 557 65 0.31 85
1 376 131 1.5 5035 -1.0 6827 0 0.73 1.31 0.0 6576 221 200 0.75 3.33 2.02 5644 658 153 0.31 95
1 315 202 1.25 5320 -1.33 6402 0 0.73 1.62 0.0 6510 192 91 0.75 3.09 1.47 4942 356 -606 0.31 128
1 228 274 1.01 5507 -1.68 6055 0 0.73 1.85 -0.09 6475 157 194 0.75 3.4 1.47 4283 427 -368 0.31 150
1 112 333 0.77 5575 -2.06 5838 0 0.73 2.16 -0.09 6574 107 184 0.75 3.67 1.41 3782 428 -128 0.31 169
1 -25 362 0.53 5509 -2.44 5801 0 0.74 1.85 -0.72 6794 -23 213 0.76 3.65 1.08 3463 391 54 0.31 199
1 -436 186 -0.21 4443 2.74 6880 0 0.75 2.41 -1.1 7333 -248 99 0.77 3.91 0.4 3643 148 275 0.1 198
1 -595 -7 -0.2 3173 2.64 8196 0 0.76 3.04 -0.56 7491 -183 -135 0.78 3.82 0.23 4143 57 268 -0.05 198
1 -661 -73 -0.1 2401 2.71 8970 0 0.76 3.05 -0.49 7443 -142 -195 0.79 4.1 0.56 4450 -28 272 0.31 17
1 -573 -72 -0.35 1736 2.41 9642 0 0.77 3.37 -0.49 7415 -21 8 0.8 3.79 -0.07 4734 29 269 0.31 33
1 -501 -86 -0.56 1155 2.1 10231 0 0.78 3.18 -0.99 7289 138 -13 0.81 4.1 -0.07 4960 13 208 0.31 53
0 481 -79 -0.26 2822 2.34 5989 0 0.73 1.54 0.89 1898 570 405 0.74 3.56 2.91 2866 236 -121 0.0 199
0 544 35 -0.17 2221 2.36 6616 0 0.73 1.27 0.63 1323 581 318 0.74 3.25 2.6 2317 505 19 0.31 34
0 161 250 0.93 8296 0.47 6157 0 0.73 2.16 -0.05 1039 156 101 0.75 3.67 1.45 2289 477 -211 0.31 0
0 136 212 0.65 8462 0.2 6199 0 0.74 1.85 -0.68 1149 138 63 0.76 3.65 1.12 2718 552 -96 0.31 178
0 -402 195 -0.39 7448 -0.88 4825 0 0.75 2.72 -0.98 994 -115 65 0.78 3.96 0.26 3314 210 394 -0.07 199
1 -436 -120 -0.71 642 1.8 10744 0 0.78 3.19 -1.29 7021 276 -49 0.81 4.42 -0.07 5103 0 129 0.31 91
1 -363 -172 1.51 11175 1.16 7530 0 0.79 3.19 -1.61 6607 411 -102 0.83 4.73 -0.07 5145 7 39 0.31 110
1 -271 -231 1.22 11504 0.89 7756 0 0.8 3.12 -1.99 6160 386 -172 0.82 5.04 -0.07 5125 28 -9 0.31 137
1 -153 -282 0.93 11705 0.63 7849 0 0.81 2.81 -2.62 5577 477 -257 0.82 5.36 -0.07 5173 -2 42 0.31 160
1 -12 -308 0.65 11752 0.36 7789 0 0.81 2.5 3.04 4948 523 -287 0.82 5.67 -0.07 5095 116 -33 0.31 179
1 138 -294 0.36 11632 0.09 7573 1 0.82 2.18 2.41 4311 593 -278 0.81 5.99 -0.07 4953 243 -60 0.31 199
1 286 -233 0.08 11340 -0.2 7204 1 0.82 1.87 1.78 3759 672 -220 0.81 0.02 -0.07 4860 206 -38 0.31 198
1 576 30 -0.16 9672 -0.48 5470 1 0.82 1.08 0.72 2883 712 -312 0.82 0.96 0.59 4646 246 -49 -0.03 199
1 714 119 -0.09 8053 -0.54 3924 0 0.82 0.45 0.14 3476 604 -255 0.83 1.59 1.27 4229 437 -245 -0.02 199
1 769 151 -0.07 7132 -0.64 3103 0 0.83 0.26 -0.03 3879 511 -209 0.83 1.59 1.29 4006 536 -328 0.0 199
1 816 178 -0.07 6149 -0.86 2328 0 0.83 6.27 -0.31 4343 482 -126 0.84 1.69 1.4 4062 618 -229 0.0 199
1 856 201 -0.07 5114 -1.3 1769 0 0.84 6.0 -0.58 4831 447 -22 0.84 1.73 1.43 4259 714 -313 0.0 199
1 889 221 -0.07 4036 -1.92 1752 0 0.84 5.72 -0.86 5342 421 108 0.85 2.04 1.75 4721 845 -367 0.02 199
0 -805 -168 -0.17 2771 -2.25 1706 0 0.79 3.19 -0.51 1027 -31 -98 0.83 4.73 1.03 2224 -435 43 -0.02 199
0 -829 -230 -0.08 1770 -2.65 2293 0 0.8 3.12 -0.56 1030 -172 -171 0.82 5.04 1.36 1642 -530 -8 -0.31 20
0 -722 -199 0.42 921 -2.54 2994 0 0.81 2.81 -0.56 1020 -92 -174 0.82 5.36 1.99 1178 -571 125 -0.31 26
0 -635 -167 -2.34 3670 -1.23 4855 0 0.81 2.5 -0.56 1079 -100 -146 0.82 5.67 2.62 1004 -507 108 -0.31 33
0 -566 -130 -2.1 4287 -1.06 4884 1 0.82 2.18 -0.56 1187 -111 -114 0.81 5.99 -3.04 1150 -461 104 -0.31 51
0 -514 -81 -1.85 4839 -0.87 4949 1 0.82 1.87 -0.56 1333 -128 -68 0.81 0.02 -2.41 1608 -594 114 -0.31 73
0 -469 -15 -1.59 5318 -0.66 5003 1 0.82 1.57 -0.54 1509 -141 -173 0.81 0.33 -1.78 2288 -697 95 -0.31 102
0 -417 69 -1.33 5712 -0.45 5006 1 0.82 1.33 -0.47 1729 -162 -158 0.81 0.65 -1.15 3075 -746 61 -0.31 114
0 -345 163 -1.07 5999 -0.22 4926 1 0.82 1.08 -0.4 2021 -209 -179 0.82 0.96 -0.52 3837 -675 84 -0.31 145
0 -244 253 -0.82 6156 0.02 4744 1 0.82 0.77 -0.4 2274 -194 -100 0.82 1.27 0.1 4476 -574 24 -0.31 166
0 -114 322 -0.57 6167 0.27 4452 0 0.82 0.45 -0.4 2546 -224 -52 0.83 1.59 0.73 4896 -391 -42 -0.31 199
0 206 345 -0.07 5693 0.87 3573 0 0.83 6.27 -0.24 2915 -128 41 0.84 1.69 1.47 5037 8 -62 -0.31 199
1 800 -224 0.08 4172 -3.09 8452 1 0.05 5.78 0.03 827 -80 -34 0.03 5.97 0.23 2475 225 -9 -0.31 10
1 686 -197 0.34 3351 -2.76 9275 1 0.06 5.97 0.54 846 -223 17 0.03 5.88 0.45 2509 41 51 -0.31 17
1 589 -182 0.6 2646 -2.43 9991 1 0.07 6.28 1.17 903 -183 -1 0.04 5.92 0.8 2353 -118 89 -0.31 34
1 503 -184 0.85 2034 -2.11 10618 1 0.08 5.97 1.17 993 -192 -18 0.05 5.9 1.1 2038 -255 110 -0.31 57
1 416 -204 1.1 1500 -1.8 11164 1 0.1 6.2 1.71 1070 -174 -63 0.06 6.09 1.61 1604 -363 72 -0.31 83
1 383 -199 -1.18 12479 -1.53 7646 1 0.09 0.54 2.97 830 -490 97 0.08 0.17 2.6 1344 145 -141 -0.31 144
1 212 -217 -0.87 12817 -1.22 8003 0 0.08 0.86 -2.69 1434 -530 34 0.08 6.14 2.6 1432 10 -168 -0.31 123
0 0 0 -0.14 9260 2.02 4853 0 0.0 6.02 -0.25 999 0 0 0.0 5.91 -0.36 1999 0 0 -0.19 199
0 680 -148 0.06 8243 2.36 5530 1 0.01 6.02 -0.05 1044 63 18 0.0 5.92 -0.16 1978 486 -72 0.0 199
0 744 -162 0.07 7349 2.46 6202 1 0.02 6.02 -0.05 982 56 23 0.01 5.92 -0.16 2122 474 -57 0.0 199
0 798 -174 0.08 6391 2.55 6980 1 0.03 6.13 0.05 940 46 10 0.01 5.9 -0.17 2324 411 -23 0.0 199
0 844 -184 0.1 5379 2.62 7846 1 0.04 6.02 -0.05 896 41 17 0.02 5.92 -0.16 2537 357 6 0.0 77
0 781 -373 0.05 3513 2.45 9802 1 0.06 5.97 -0.33 1257 -128 -159 0.03 5.88 -0.42 3023 136 -125 0.31 28
0 686 -309 -0.11 2764 2.16 10664 1 0.07 6.28 -0.33 1438 -86 -128 0.04 5.92 -0.7 3044 -21 -38 0.31 50
0 617 -237 -0.22 2160 1.87 11413 1 0.08 5.97 -0.96 1559 -78 -71 0.05 5.9 -1.03 2890 -141 57 0.31 74
0 561 -149 -0.28 1685 1.57 12052 1 0.1 6.2 -1.05 1587 -29 -8 0.06 6.09 -1.15 2622 -218 127 0.31 106
0 503 -41 -0.28 1321 1.28 12569 1 0.09 0.23 -1.05 1513 2 78 0.07 6.14 -1.41 2204 -327 218 0.31 114
0 426 77 -0.23 1041 0.99 12941 1 0.09 0.54 -1.05 1364 -447 373 0.08 0.17 -1.41 2043 188 135 0.31 153
0 141 -205 -0.34 1067 0.39 13405 0 0.07 1.17 -1.05 2194 -556 -149 0.08 0.17 -2.04 2011 -30 -164 -0.19 198
0 45 -21 -0.1 1109 0.58 13464 0 0.06 1.48 -0.54 2875 -562 -142 0.09 6.14 -2.16 1903 -135 18 0.31 198
1 -136 161 -0.47 12359 -0.78 7160 0 0.06 2.37 -0.87 3944 -283 -274 0.09 6.07 2.83 1661 74 -149 -0.19 199
1 -285 150 -0.28 11983 -0.6 6788 0 0.06 2.69 -0.37 4230 -258 -294 0.08 6.09 3.04 1379 -274 -81 -0.16 199
1 -407 168 -0.12 11465 -0.47 6294 0 0.06 2.84 -0.05 4499 -222 -258 0.09 5.79 2.9 1170 -547 52 -0.03 199
1 -509 190 -0.09 10825 -0.47 5698 0 0.07 3.11 0.24 4729 -182 -176 0.09 5.48 2.62 1562 -746 213 -0.02 199
1 -595 210 -0.07 10083 -0.51 5025 0 0.07 3.14 0.3 4914 -148 -100 0.1 5.17 2.32 2330 -796 229 0.0 199
1 -668 228 -0.07 9253 -0.6 4304 0 0.08 3.11 0.26 5058 -119 -41 0.1 4.85 2.01 3263 -838 244 0.0 199
1 -730 244 -0.08 8348 -0.74 3576 0 0.09 3.12 0.28 5165 -94 12 0.09 4.54 1.69 4284 -874 257 0.0 199
1 -782 258 -0.09 7380 -0.96 2913 1 0.1 3.09 0.24 5243 -72 52 0.09 4.22 1.38 5363 -904 269 0.0 199
1 -826 270 -0.1 6359 -1.3 2450 1 0.11 3.07 0.23 5297 -54 82 0.09 3.93 1.08 6433 -826 383 0.0 199
1 -864 280 -0.11 5294 -1.75 2379 1 0.12 3.0 0.16 5335 -40 97 0.09 3.63 0.79 7429 -715 457 0.0 199
1 -896 288 -0.14 4192 -2.15 2779 1 0.13 3.02 0.17 5360 -27 112 0.1 3.32 0.47 8318 -603 469 -0.31 63
1 -805 276 0.14 3197 -2.09 3409 1 0.14 3.0 0.47 5238 102 104 0.1 3.0 0.47 8955 -388 407 -0.31 68
1 -719 281 0.42 2295 -1.94 4086 1 0.15 3.07 0.86 4976 221 124 0.1 2.69 0.47 9364 -212 319 -0.31 73
1 -631 300 0.7 1474 -1.74 4735 1 0.16 2.97 1.06 4586 335 137 0.11 2.53 0.63 9575 -62 235 -0.31 57
0 -79 104 -0.47 962 0.27 13322 0 0.06 1.8 -0.54 3557 -556 -164 0.08 6.18 -2.44 1798 148 201 0.31 199
0 -216 168 -1.04 720 -0.04 13001 0 0.06 2.11 -0.54 4228 -533 -205 0.08 6.04 -2.9 1429 -153 282 0.02 184
0 -130 -69 0.25 12463 -0.15 7985 0 0.06 2.69 0.33 5167 -103 -513 0.08 6.09 -2.55 1078 -119 -300 -0.09 197
0 -326 155 0.05 11775 -0.39 7396 0 0.07 3.11 0.56 5503 1 -211 0.09 5.48 2.93 1139 -563 178 0.07 199
0 -507 268 -0.03 10542 -0.55 6339 0 0.08 3.11 0.49 5493 42 -1 0.1 4.85 2.23 2290 -677 284 0.02 198
0 -579 311 -0.06 9770 -0.64 5709 0 0.09 3.12 0.49 5387 57 79 0.09 4.54 1.9 3130 -723 324 0.0 198
0 -805 444 -0.12 4891 -1.67 3462 1 0.14 3.0 0.37 4377 102 272 0.1 3.0 0.37 7295 -388 575 0.0 198
0 -832 460 -0.15 3782 -1.97 3738 1 0.15 3.07 0.44 4144 108 303 0.1 2.69 0.05 7904 -325 498 -0.31 77
0 -752 439 0.12 2768 -1.88 4222 1 0.16 2.97 0.65 3820 214 276 0.11 2.53 0.21 8309 -183 374 -0.31 80
1 -537 330 1.02 732 -1.52 5317 1 0.18 2.72 1.13 4080 439 124 0.12 2.25 0.66 9616 54 144 -0.31 112
1 -428 369 -1.28 5808 -2.18 3865 1 0.19 3.04 1.76 3639 401 194 0.13 2.37 1.1 9491 197 94 -0.31 110
1 -280 337 -1.1 6179 -1.92 4212 1 0.21 2.95 1.88 2098 455 152 0.14 2.41 1.34 8078 396 -80 -0.31 157
1 -140 376 -0.85 6373 -1.64 4658 1 0.21 3.26 2.51 1588 492 220 0.16 2.44 1.69 7488 563 -88 -0.31 174
1 181 343 -0.36 6289 -1.15 5227 1 0.22 3.84 -2.57 1085 641 235 0.18 2.46 2.34 5797 931 -190 -0.31 199
1 320 258 -0.11 6008 -0.93 5316 1 0.22 4.15 -1.94 1475 711 167 0.19 2.15 2.34 4737 1042 -326 -0.31 198
1 420 136 0.15 5593 -0.71 5271 1 0.22 4.47 -1.31 2109 752 59 0.2 1.83 2.34 3766 1037 -375 -0.02 199
1 504 30 0.12 5056 -0.81 5132 1 0.21 4.78 -0.98 2936 775 112 0.21 1.52 2.04 2914 1023 -491 0.05 199
1 579 -51 0.02 4410 -0.99 4952 0 0.21 5.1 -0.72 3808 745 176 0.21 1.29 1.76 2517 1019 -496 0.02 175
1 596 -282 -0.04 3657 -1.16 4715 0 0.21 5.41 -0.42 4580 627 41 0.23 0.98 1.43 2673 947 -694 0.16 199
1 668 -290 -0.22 2803 -1.5 4478 0 0.21 5.72 -0.26 5223 564 66 0.23 0.7 0.99 3195 835 -748 -0.31 106
1 641 -299 0.06 1974 -1.37 4376 0 0.21 6.04 0.37 5668 388 44 0.23 0.45 1.06 3853 630 -762 -0.31 117
1 605 -335 0.35 1161 -1.24 4372 0 0.22 0.07 0.99 5890 221 -56 0.23 0.23 1.15 4482 431 -767 -0.31 132
1 551 -394 -1.11 4423 0.42 8210 0 0.22 0.38 1.62 5886 67 -221 0.23 6.27 1.22 5023 234 -757 -0.31 57
0 -668 435 0.37 1840 -1.74 4782 1 0.18 2.72 0.72 3412 308 229 0.12 2.25 0.24 8538 -77 249 -0.31 82
0 -576 444 0.59 993 -1.55 5339 1 0.19 3.04 1.34 3078 253 269 0.13 2.37 0.68 8598 49 169 -0.31 141
0 -294 410 -1.05 6178 -1.87 4460 1 0.2 2.72 1.76 3037 565 193 0.14 2.34 1.38 9195 354 54 -0.31 75
0 -203 588 -0.83 6503 -1.6 5144 1 0.21 2.95 2.3 2622 532 403 0.14 2.41 1.76 8877 473 171 -0.31 175
0 143 466 -0.38 6704 -1.1 6094 1 0.23 3.58 -2.72 2261 680 334 0.17 2.44 2.43 7635 871 -36 -0.31 199
0 283 345 -0.15 6557 -0.87 6317 1 0.22 3.84 -2.15 2399 743 237 0.18 2.46 2.76 6729 1033 -188 -0.31 198
0 379 194 0.1 6265 -0.63 6370 1 0.22 4.15 -1.52 2708 770 103 0.19 2.15 2.76 5696 1101 -390 -0.17 197
0 501 -77 0.13 5301 -0.68 6065 1 0.21 4.78 -0.77 3754 772 5 0.21 1.52 2.25 3913 1020 -598 0.05 199
0 655 -86 -0.05 3937 -0.99 5583 0 0.21 5.41 -0.21 5199 686 237 0.23 0.98 1.64 3432 1006 -498 -0.31 150
0 628 -179 0.16 3257 -0.81 5484 0 0.21 5.72 0.42 5836 524 177 0.23 0.7 1.68 3733 795 -637 -0.31 163
0 572 -286 0.38 2563 -0.63 5350 0 0.21 6.04 1.05 6196 319 57 0.23 0.45 1.75 4059 561 -749 -0.31 171
0 480 -395 0.6 1856 -0.45 5157 0 0.22 0.07 1.68 6232 96 -116 0.23 0.23 1.83 4331 306 -827 -0.31 198
0 349 -495 0.89 1144 -0.27 4878 0 0.22 0.38 2.3 5925 -135 -322 0.23 6.27 1.9 4513 32 -858 -0.31 199
1 21 -565 0.12 4068 1.77 7854 0 0.24 0.54 3.09 4422 -591 -612 0.24 5.79 2.06 4606 -457 -719 -0.31 199
1 -517 -406 0.14 1550 2.55 7926 1 0.27 0.23 -3.07 1832 -1117 -558 0.26 4.89 1.59 4191 -970 -1 0.31 25
1 -459 -355 -0.43 941 2.31 8264 1 0.28 6.2 2.58 2857 -969 -484 0.27 4.63 1.01 4316 -836 75 0.31 41
1 -428 -428 1.82 8959 -2.1 4549 0 0.29 5.6 1.36 4984 -802 -515 0.29 4.0 -0.24 4824 -574 65 0.31 83
1 -375 -435 1.57 9293 -2.55 4785 0 0.28 5.31 0.75 5989 -692 -508 0.29 3.68 -0.87 5026 -358 69 0.31 108
1 -304 -460 1.31 9577 -2.97 5155 0 0.28 5.01 0.14 6852 -602 -427 0.3 3.37 -1.5 5119 -124 6 0.31 132
1 -207 -490 1.06 9780 2.92 5639 0 0.28 4.69 -0.49 7502 -457 -315 0.31 3.47 -1.71 5070 106 -38 -0.31 57
1 -362 126 0.34 696 -1.75 8773 0 0.28 4.4 2.9 5335 -522 436 0.31 3.3 1.8 2212 32 531 -0.31 88
1 -280 176 -1.45 9144 0.99 4177 0 0.28 4.12 2.93 5363 -320 580 0.32 3.37 2.18 1715 117 534 -0.31 112
1 353 -354 0.03 9294 1.68 7866 0 0.29 3.53 -2.91 7085 594 89 0.33 3.42 -3.02 4493 644 -94 0.31 199
0 191 -554 -0.08 4513 1.4 8351 0 0.23 0.61 2.84 5307 -359 -506 0.23 5.95 1.9 4590 -239 -807 -0.31 157
0 359 -511 -0.81 4545 1.05 6713 0 0.24 0.54 2.41 5281 -253 -558 0.24 5.79 1.38 5769 -119 -665 -0.31 167
0 223 -549 -0.65 4547 1.41 6068 1 0.24 0.54 2.72 4744 -442 -677 0.24 5.48 1.38 5942 -301 -557 -0.31 177
0 -257 -448 -0.12 4013 2.64 5281 1 0.27 0.23 -2.93 3313 -857 -600 0.26 4.89 1.73 5471 -710 -43 -0.31 199
0 -380 -329 0.07 3635 3.06 5527 1 0.28 6.2 -2.93 3323 -890 -458 0.27 4.63 1.78 5080 -757 101 -0.31 198
0 -576 67 0.16 1978 -2.7 7218 0 0.28 5.31 2.86 4311 -893 -6 0.29 3.68 1.24 3602 -559 571 -0.31 18
0 -498 70 0.32 1450 -2.38 7806 0 0.28 5.01 2.88 4768 -796 103 0.3 3.37 1.24 3167 -318 536 -0.31 37
0 -430 89 0.39 1022 -2.06 8323 0 0.28 4.69 2.88 5129 -680 264 0.31 3.47 1.66 2705 -117 541 0.31 154
0 -83 -509 0.81 9873 2.57 6199 0 0.28 4.4 -1.1 7872 -243 -199 0.31 3.3 -2.2 4933 311 -104 0.31 171
0 218 -449 0.3 9636 1.95 7359 0 0.28 3.8 -2.32 7654 317 -1 0.32 3.68 -2.44 4621 561 -142 -0.31 139
0 -48 253 -0.87 9560 1.64 3566 0 0.29 3.53 2.97 4834 193 696 0.33 3.42 2.86 1037 243 513 -0.31 163
1 451 -223 -0.24 8829 1.42 8271 0 0.29 3.21 2.74 6305 825 165 0.34 3.74 -3.02 4383 698 -2 0.02 199
1 533 -108 -0.23 8252 1.47 8607 0 0.3 2.9 2.41 5462 1016 181 0.34 4.05 -2.72 4338 742 79 -0.05 199
1 607 -19 -0.15 7571 1.59 8920 0 0.3 2.72 2.29 4749 1130 175 0.33 4.36 -2.36 4410 788 151 -0.03 199
1 776 152 -0.02 5026 1.89 10032 0 0.32 1.99 1.61 4984 1192 193 0.33 5.18 -1.48 5254 785 532 0.0 199
1 817 193 0.02 4050 1.98 10518 0 0.32 1.71 1.33 5816 1183 128 0.33 5.5 -1.17 5673 705 636 0.31 65
1 736 199 -0.26 3162 1.73 10995 1 0.34 1.4 0.7 6720 1037 87 0.34 5.81 -1.17 6082 543 625 0.31 88
1 665 233 -0.54 2338 1.48 11431 0 0.33 1.08 0.07 7569 843 -9 0.34 6.13 -1.17 6364 334 621 0.31 111
1 588 291 -0.85 1565 1.23 11796 0 0.33 0.77 -0.56 8289 739 86 0.35 0.16 -1.17 6508 139 594 0.31 143
1 491 363 -1.29 863 0.97 12057 0 0.33 0.45 -1.19 8731 468 114 0.35 0.45 -1.19 6506 -43 546 0.31 160
1 366 433 0.71 12186 0.33 7450 0 0.33 0.26 -1.69 8847 183 178 0.36 0.33 -1.62 6330 -248 532 0.31 175
1 37 499 0.18 11973 -0.16 6841 0 0.34 6.07 -2.79 8038 -404 336 0.38 0.42 -2.16 5439 -686 430 0.31 199
1 -282 384 -0.39 11170 -0.71 5833 0 0.35 5.45 2.23 6050 -839 465 0.4 0.68 -2.53 4005 -1071 177 -0.07 200
0 444 -17 0.26 8522 -3.02 4129 0 0.31 2.46 -3.12 1714 1021 41 0.33 4.68 -0.91 2302 599 186 0.03 199
0 572 -198 0.15 7211 -3.04 5416 0 0.32 1.99 2.6 1564 988 -157 0.33 5.18 -0.49 3552 581 182 0.03 199
0 751 -396 0.1 3592 -3.05 9032 0 0.33 0.77 1.34 5781 902 -601 0.35 0.16 0.73 5356 302 -93 -0.31 11
0 644 -343 0.41 2733 -2.73 9891 0 0.33 0.45 1.34 6669 621 -592 0.35 0.45 1.34 5384 110 -160 -0.31 16
0 552 -305 0.74 1990 -2.42 10634 0 0.33 0.26 1.47 7297 369 -560 0.36 0.33 1.54 5215 -62 -206 -0.31 38
0 470 -288 1.09 1344 -2.11 11282 0 0.33 0.1 1.62 7698 146 -522 0.37 0.52 2.04 4868 -199 -288 -0.31 57
0 387 -290 1.57 799 -1.8 11845 0 0.34 6.07 1.62 7882 -54 -453 0.38 0.42 2.25 4351 -336 -359 -0.31 82
0 290 -305 -1.5 12318 -1.89 7701 0 0.34 5.76 1.62 7864 -232 -358 0.39 0.37 2.51 3667 -483 -424 -0.31 114
0 171 -320 -1.21 12679 -1.58 8121 0 0.35 5.45 1.62 7646 -386 -239 0.4 0.68 3.14 2847 -618 -527 -0.31 141
1 -409 327 -0.3 10594 -0.63 5216 0 0.36 5.5 2.36 4759 -1001 517 0.4 0.99 -2.15 3531 -1079 152 -0.09 199
1 -517 291 -0.19 9914 -0.57 4524 0 0.37 5.43 2.37 3336 -1132 580 0.41 1.29 -1.76 3411 -1103 82 -0.03 199
1 -684 254 -0.1 8283 -0.64 2973 0 0.38 5.57 2.58 1249 -1360 673 0.43 1.92 -1.06 4368 -1076 -5 0.0 199
1 -851 228 -0.07 5337 -1.92 1504 0 0.41 5.92 2.95 5841 -1347 575 0.44 2.86 -0.1 6398 -733 -155 0.02 199
1 -891 221 -0.09 4257 -2.46 2082 0 0.42 6.23 -3.04 7456 -1315 516 0.44 2.98 0.0 6991 -623 -132 -0.31 38
1 -786 202 0.23 3302 -2.38 2844 0 0.43 5.92 -3.04 8880 -1146 452 0.45 3.02 0.35 7361 -390 -120 -0.31 38
1 -691 195 0.55 2458 -2.2 3588 0 0.43 6.23 -2.41 10133 -997 407 0.46 3.02 0.66 7524 -186 -99 -0.31 50
1 -607 205 0.91 1709 -1.96 4268 0 0.43 0.26 -1.78 11242 -867 385 0.46 2.93 0.89 7505 -12 -81 -0.31 63
1 -524 232 1.37 1063 -1.72 4873 0 0.42 0.58 -1.15 12238 -759 375 0.47 2.83 1.1 7322 143 -63 -0.31 95
1 -432 273 2.18 616 -1.46 5388 0 0.42 0.89 -0.52 13114 -631 394 0.48 2.97 1.55 6984 302 -7 -0.31 116
1 -322 318 -1.21 5796 -2.1 4314 0 0.42 1.2 0.1 13832 -552 263 0.49 2.93 1.83 6490 468 45 -0.31 144
1 -187 355 -0.96 6073 -1.79 4786 0 0.42 1.52 0.73 14314 -391 139 0.5 2.86 2.08 5829 647 76 -0.31 163
1 -35 363 -0.71 6202 -1.52 5173 0 0.42 1.83 1.36 14493 -164 16 0.51 2.81 2.34 5005 834 70 -0.31 179
0 33 -314 -0.92 12902 -1.29 8438 0 0.36 5.5 1.99 7218 -559 -124 0.4 0.99 -2.51 2115 -637 -489 -0.31 164
0 -111 -274 -0.63 12963 -1.01 8623 0 0.37 5.43 2.23 6575 -726 15 0.41 1.29 -1.9 1559 -697 -483 -0.31 199
0 -465 189 0.18 11517 -0.31 7739 0 0.4 5.71 -2.88 2656 -1049 598 0.43 2.55 0.24 2992 -517 -207 0.09 199
0 -519 277 0.08 10835 -0.46 7204 0 0.41 5.92 -2.76 2343 -1015 624 0.44 2.86 0.47 3397 -401 -106 0.03 198
0 -569 347 0.04 10057 -0.56 6601 0 0.42 6.23 -2.48 2771 -993 642 0.44 2.98 0.56 3655 -301 -6 0.02 199
0 -735 555 -0.04 5156 -1.42 4053 0 0.42 0.89 -1.55 8576 -934 676 0.48 2.97 0.52 3551 -1 275 0.0 199
0 -754 581 -0.06 4040 -1.7 4084 0 0.42 1.2 -1.24 9875 -984 526 0.49 2.93 0.49 3392 36 308 -0.31 98
0 -685 564 0.23 2998 -1.62 4348 0 0.42 1.52 -0.61 10999 -889 348 0.5 2.86 0.73 3138 149 285 -0.31 103
0 -603 564 0.54 2027 -1.5 4737 0 0.42 1.83 0.02 11897 -732 217 0.51 2.81 0.99 2778 266 271 -0.31 114
1 120 331 -0.47 6171 -1.26 5448 0 0.42 2.15 1.99 14327 103 -106 0.53 2.98 2.83 4065 1026 55 -0.31 125
1 -389 588 -1.17 5563 -2.12 3610 0 0.42 2.13 0.94 12907 -313 74 0.54 3.11 1.92 1783 476 351 -0.31 199
1 379 137 0.04 5623 -0.79 5585 0 0.43 2.44 2.91 13000 573 -409 0.55 2.79 -3.02 2650 1114 -64 -0.23 199
1 637 -242 -0.01 3075 -1.16 4812 0 0.45 3.12 -2.57 7486 1271 -566 0.55 1.54 2.13 4714 1019 -345 -0.31 141
1 615 -299 0.25 2282 -1.02 4664 0 0.46 3.26 -2.11 5808 1322 -552 0.54 1.22 2.13 5592 882 -546 -0.31 154
1 -511 253 -0.24 4081 1.26 8469 0 0.49 2.78 -1.47 1979 -363 914 0.54 0.05 2.09 6514 -823 -86 0.12 195
1 -491 54 -0.23 3785 1.18 8933 0 0.49 2.46 -1.9 2647 -240 514 0.55 6.02 1.66 5607 -920 -190 0.09 197
1 -379 -395 -0.12 2321 1.15 9555 0 0.51 2.3 -2.27 2297 98 -401 0.57 5.6 1.03 3864 -1015 -329 0.31 143
0 -505 576 0.9 1128 -1.35 5163 0 0.42 2.15 0.65 12532 -522 139 0.53 2.98 1.48 2288 401 300 -0.31 199
0 269 253 -0.22 5972 -1.02 5587 0 0.42 2.13 2.29 13823 345 -261 0.54 3.11 -3.02 3200 1134 16 -0.31 146
0 -250 594 -0.98 5890 -1.85 4353 0 0.43 2.44 1.57 12989 -56 48 0.55 2.79 1.92 1468 485 393 -0.31 161
0 -95 577 -0.77 6110 -1.59 4988 0 0.43 2.76 2.2 12759 227 50 0.56 2.48 1.92 1482 529 407 -0.31 176
0 223 435 -0.34 6133 -1.11 5851 0 0.44 3.21 -3.0 11416 769 57 0.55 1.85 1.92 2398 673 313 -0.31 199
0 347 305 -0.11 5921 -0.88 6052 0 0.45 3.12 -2.78 10359 981 -19 0.55 1.54 1.92 3039 729 202 -0.31 199
0 470 -3 0.25 5114 -0.57 5996 0 0.47 3.18 -2.23 7736 1240 -212 0.54 0.91 1.78 3839 592 -347 0.05 197
0 555 -229 0.08 3864 -0.86 5553 0 0.49 3.09 -2.39 4721 542 620 0.54 0.33 1.13 4366 368 -618 0.02 199
0 591 -315 0.01 3101 -1.02 5298 0 0.49 2.78 -2.72 4497 739 346 0.54 0.05 0.84 4661 279 -654 -0.31 151
0 561 -384 0.26 2317 -0.85 5062 0 0.49 2.46 -2.72 4145 812 76 0.55 6.02 0.84 4902 132 -628 -0.31 159
0 498 -465 0.53 1519 -0.69 4827 0 0.5 2.62 -2.25 3717 859 -159 0.55 6.02 1.15 5062 -30 -627 -0.31 185
1 -300 -457 -0.32 1721 0.9 9588 0 0.51 2.25 -2.64 1584 213 -593 0.57 5.38 0.49 3901 -945 -267 0.31 4
1 -291 -265 -0.07 1167 0.11 10285 0 0.52 2.43 2.88 1530 -131 -396 0.6 4.61 -1.22 4600 -733 100 0.31 199
1 -79 -249 -0.11 1143 -0.17 10279 0 0.52 2.62 2.76 1510 203 -446 0.6 4.9 -1.24 4812 -475 162 0.28 199
1 255 -152 0.13 696 -0.32 9760 0 0.54 2.23 2.2 1963 684 -506 0.63 4.38 -1.94 4585 -22 260 -0.19 171
1 -139 238 -0.12 9307 2.33 3958 0 0.54 1.99 2.15 2659 225 -62 0.63 4.1 -2.02 4126 -276 727 -0.31 199
1 277 -88 0.17 8797 2.75 4269 0 0.56 1.05 1.52 4366 421 -485 0.64 3.21 -2.6 2461 451 334 0.12 146
1 431 147 0.27 8096 -3.11 4614 0 0.56 0.45 1.12 5261 277 -310 0.65 3.04 -2.58 904 768 472 -0.09 199
1 490 9 0.33 7571 -2.96 5084 0 0.56 0.14 0.89 5777 191 -403 0.65 2.72 -2.81 983 776 285 0.07 199
1 548 -99 0.23 6937 -2.98 5696 0 0.57 6.11 0.51 6269 127 -419 0.65 2.41 3.09 1650 917 21 0.05 199
0 -224 -552 0.06 3074 2.43 6680 0 0.52 2.13 -1.17 2330 -185 -575 0.59 4.75 1.45 4424 -744 -122 -0.31 199
0 -358 -441 0.21 2585 2.84 6796 0 0.52 2.43 -0.56 2225 -198 -572 0.6 4.61 1.62 4219 -800 -76 -0.17 199
0 -464 -318 0.22 2048 3.1 7145 0 0.52 2.62 -0.19 2316 -182 -515 0.6 4.9 2.09 4025 -860 93 -0.14 199
0 -545 -192 0.15 1466 -2.99 7671 0 0.53 2.55 -0.12 2531 -164 -453 0.61 4.64 1.97 3866 -872 291 -0.31 11
0 -469 -156 0.13 1057 -2.63 8146 0 0.54 2.23 -0.12 2980 -40 -510 0.63 4.38 2.02 3959 -746 256 -0.31 39
0 117 -511 -0.02 890 -2.29 8541 0 0.54 1.99 -0.05 3408 481 -811 0.63 4.1 2.06 3991 -20 -22 -0.12 195
0 -28 110 0.23 1144 -1.91 8474 0 0.56 1.05 -0.65 5132 116 -287 0.64 3.21 1.52 2717 146 532 0.28 71
0 -45 -178 -0.14 1299 -2.16 8493 0 0.56 0.75 -1.22 5740 -47 -630 0.64 3.35 1.38 2299 269 214 -0.31 195
0 -52 18 0.13 1264 -1.85 8558 0 0.56 0.45 -1.2 6122 -206 -439 0.65 3.04 1.38 1804 285 343 -0.26 195
0 -14 182 0.42 1051 -1.61 8619 0 0.56 0.14 -1.26 6258 -313 -230 0.65 2.72 1.33 1307 272 458 -0.31 100
0 -407 333 -1.04 9209 1.41 4068 0 0.57 5.79 -1.26 5936 -914 141 0.65 2.48 1.71 1451 -468 393 -0.31 150
1 728 -361 0.11 3538 -3.01 9087 0 0.59 4.89 -0.79 7632 241 -112 0.66 1.8 2.41 4841 842 -549 -0.31 11
1 624 -314 0.42 2715 -2.69 9910 0 0.6 4.8 -0.56 7697 195 66 0.66 1.48 2.41 5791 718 -498 -0.31 18
1 535 -282 0.72 2003 -2.38 10622 0 0.6 4.61 -0.44 7629 189 210 0.66 1.17 2.41 6617 501 -145 -0.31 57
1 455 -271 1.05 1379 -2.07 11245 0 0.61 4.52 -0.21 7484 193 314 0.66 1.48 3.04 7150 427 -155 -0.31 61
1 371 -279 1.45 842 -1.76 11784 0 0.63 4.24 -0.17 7384 175 269 0.66 1.8 -2.62 7604 348 -181 -0.31 87
1 272 -297 -1.46 12233 -1.84 7580 0 0.63 3.93 -0.17 7332 213 276 0.66 2.11 -1.99 8033 290 -278 -0.31 117
1 151 -312 -1.16 12567 -1.54 7978 0 0.63 3.61 -0.17 7355 252 252 0.66 1.85 -1.94 8377 181 -348 -0.31 144
1 11 -305 -0.87 12761 -1.25 8270 0 0.64 3.35 -0.12 7439 257 208 0.67 1.54 -1.94 8582 35 -366 -0.31 168
1 -133 -261 -0.59 12790 -0.98 8426 0 0.64 3.04 -0.12 7555 237 158 0.67 1.22 -1.94 8624 -124 -343 -0.31 199
1 -372 -48 -0.01 12302 -0.44 8236 0 0.65 2.55 0.02 7208 -286 322 0.67 0.61 -1.92 8434 -184 -376 -0.3 199
1 -475 200 0.15 11248 -0.35 7451 0 0.66 1.92 -0.42 6410 -267 194 0.67 6.27 -2.36 7668 -646 -77 0.07 199
1 -529 283 0.07 10551 -0.48 6907 0 0.66 1.61 -0.8 5964 -348 154 0.67 5.95 -2.74 6879 -835 103 0.03 199
0 -231 339 -0.76 9584 1.73 3585 0 0.58 5.48 -1.26 5615 -780 299 0.65 2.25 1.8 1769 -176 259 -0.31 171
0 255 117 0.09 9490 2.91 3262 0 0.6 4.8 -0.99 4409 -174 497 0.66 1.48 1.97 1210 349 -67 -0.3 192
0 296 101 0.45 8859 -2.82 3787 0 0.61 4.52 -0.87 3219 34 686 0.66 1.48 2.37 1024 268 217 0.09 198
0 582 -273 0.09 6494 -3.05 6130 0 0.64 3.35 -2.36 867 828 240 0.67 1.54 2.11 2364 606 -334 0.02 199
0 638 -323 0.07 5653 -3.06 6971 0 0.64 3.04 -2.69 1732 1008 96 0.67 1.22 1.78 3118 647 -405 0.0 199
0 686 -365 0.07 4738 -3.06 7886 0 0.65 2.86 -2.86 3017 1127 -46 0.67 0.91 1.47 3904 590 -568 0.0 199
0 760 -432 0.11 2734 -3.05 9890 0 0.65 2.23 2.81 5176 937 -252 0.67 0.3 0.87 6268 758 -761 -0.31 11
0 651 -374 0.45 1852 -2.74 10775 0 0.66 1.92 2.81 6263 859 -380 0.67 6.27 0.87 7116 480 -651 -0.31 19
0 558 -332 0.84 1093 -2.43 11539 0 0.66 1.61 2.81 7246 739 -461 0.67 5.95 0.87 7675 252 -512 -0.31 38
1 -579 350 0.03 9760 -0.6 6303 0 0.67 1.29 -1.15 5445 -472 77 0.67 5.64 -3.09 5865 -975 299 0.02 198
1 -623 405 0.0 8889 -0.72 5673 0 0.67 0.98 -1.48 4812 -533 173 0.68 5.39 2.93 4682 -1066 494 0.0 199
1 -661 451 -0.01 7951 -0.85 5060 0 0.67 0.66 -1.8 4038 -706 159 0.69 5.46 3.0 3435 -1152 651 0.0 199
1 -694 490 -0.02 6954 -1.02 4519 0 0.67 0.44 -2.02 3152 -886 170 0.69 5.53 3.07 2430 -1235 776 0.0 199
1 -722 523 -0.03 5908 -1.25 4128 0 0.67 0.12 -2.34 2268 -1053 230 0.7 5.55 3.09 2429 -1308 879 0.0 199
1 -745 551 -0.05 4821 -1.52 3971 0 0.68 6.09 -2.65 1813 -1174 331 0.71 5.59 3.12 3645 -1374 961 0.0 199
1 -764 576 -0.07 3699 -1.8 4108 0 0.68 5.78 -2.97 2373 -1277 471 0.72 5.6 3.14 5416 -1431 1030 -0.31 88
1 -690 553 0.21 2662 -1.71 4462 0 0.69 5.52 -2.91 3567 -1248 581 0.73 5.29 3.14 7120 -1256 938 -0.31 92
1 -606 547 0.5 1703 -1.58 4918 0 0.69 5.31 -2.81 4929 -1174 712 0.74 5.39 -2.72 8668 -1087 874 -0.31 114
1 -509 553 0.83 818 -1.41 5391 0 0.7 5.41 -2.39 6353 -1102 822 0.74 5.08 -2.72 10043 -917 830 -0.31 122
1 -395 565 -1.22 5824 -2.11 3892 0 0.71 5.25 -2.23 7764 -985 939 0.75 4.94 -2.55 11237 -741 800 -0.31 143
1 -259 573 -1.01 6174 -1.83 4615 0 0.72 5.34 -1.83 9133 -855 1021 0.75 4.64 -2.53 12240 -552 775 -0.31 159
1 -106 559 -0.8 6410 -1.57 5229 0 0.73 5.25 -1.61 10345 -656 1012 0.77 4.33 -2.53 13044 -340 766 -0.31 173
1 214 425 -0.35 6448 -1.09 6048 0 0.74 4.66 -1.57 12235 -219 892 0.76 3.72 -2.51 13922 223 739 -0.31 199
1 340 299 -0.11 6235 -0.86 6222 0 0.75 4.35 -1.57 12755 -28 695 0.76 3.4 -2.51 13932 511 609 -0.31 199
0 475 -310 -2.12 12205 -2.51 7545 0 0.67 1.29 2.81 8111 582 -583 0.67 5.64 0.87 7983 79 -361 -0.31 57
0 391 -310 -1.81 12784 -2.18 8120 0 0.67 0.98 2.81 8870 481 -542 0.68 5.39 0.94 8079 -52 -221 -0.31 82
0 293 -323 -1.51 13272 -1.86 8634 0 0.67 0.66 2.81 9433 248 -615 0.69 5.46 1.33 7977 -198 -123 -0.31 111
0 174 -335 -1.22 13649 -1.56 9069 0 0.67 0.44 2.9 9776 -18 -655 0.69 5.53 1.71 7674 -367 -49 -0.31 139
0 36 -327 -0.92 13887 -1.27 9396 0 0.67 0.12 2.9 9873 -295 -620 0.7 5.55 2.04 7163 -550 29 -0.31 164
0 -108 -285 -0.63 13960 -0.98 9584 0 0.68 6.09 2.9 9727 -537 -505 0.71 5.59 2.39 6441 -737 125 -0.31 199
0 -413 67 0.24 13112 -0.16 9126 0 0.69 5.31 3.05 7690 -981 232 0.74 5.39 -3.14 3752 -894 394 0.05 198
0 -609 403 0.03 10240 -0.56 6804 0 0.73 5.25 2.83 3231 -1159 856 0.77 4.33 1.9 3046 -843 610 0.02 199
1 562 -222 0.08 4154 -0.84 5614 0 0.76 3.16 -2.36 12251 775 106 0.78 2.27 3.04 11269 1086 -319 0.02 199
1 601 -304 0.02 3383 -0.99 5329 0 0.76 3.02 -2.51 11520 950 -45 0.78 2.18 2.93 10070 1143 -525 -0.31 154
1 574 -374 0.28 2588 -0.82 5065 0 0.77 2.71 -2.51 10630 1025 -225 0.79 2.13 -3.09 8766 1124 -705 -0.31 167
1 514 -458 0.57 1779 -0.67 4800 0 0.77 2.39 -2.51 9583 1022 -447 0.8 2.44 -2.46 7404 1111 -848 -0.31 180
1 -43 -630 -0.08 3415 1.98 7020 0 0.8 2.23 -1.41 4411 537 -1061 0.84 2.29 -1.36 2709 631 -1233 -0.31 199
1 -203 -567 0.06 2965 2.39 6836 0 0.81 2.29 -1.05 3108 402 -1061 0.85 1.97 -1.36 2584 437 -1235 -0.31 199
1 -280 555 0.23 1952 3.07 7254 0 0.83 2.29 -0.54 834 496 830 0.87 1.97 -0.86 3580 240 6 0.31 200
0 -732 555 -0.03 6212 -1.17 4320 1 0.77 4.03 1.59 6241 -1044 891 0.76 3.09 0.65 6265 -417 809 0.0 199
0 -752 580 -0.04 5097 -1.43 4068 0 0.76 3.79 1.34 7550 -880 966 0.77 2.81 0.37 7031 -338 744 0.0 199
0 -769 602 -0.06 3951 -1.72 4113 0 0.76 3.47 1.03 8767 -718 985 0.77 2.5 0.05 7716 -282 639 -0.31 96
0 -696 581 0.23 2887 -1.64 4399 0 0.76 3.16 1.03 9757 -483 909 0.78 2.27 0.14 8213 -172 484 -0.31 99
0 -611 576 0.53 1898 -1.53 4812 0 0.76 3.02 1.2 10526 -262 835 0.78 2.18 0.37 8533 -69 355 -0.31 114
0 -512 582 0.88 988 -1.37 5261 0 0.77 2.71 1.2 11074 -61 731 0.79 2.13 0.63 8686 38 251 -0.31 125
0 -395 592 -1.19 5681 -2.11 3753 0 0.77 2.39 1.2 11406 113 603 0.8 2.44 1.26 8666 202 202 -0.31 144
0 -256 597 -0.99 6025 -1.84 4500 0 0.78 2.29 1.41 11524 286 478 0.81 2.27 1.4 8472 361 136 -0.31 161
0 -101 579 -0.78 6259 -1.58 5137 0 0.78 2.18 1.62 11419 457 339 0.82 2.32 1.76 8096 538 63 -0.31 175
0 58 527 -0.57 6360 -1.33 5643 0 0.79 2.11 1.87 11085 618 177 0.83 2.34 2.09 7536 719 -33 -0.31 199
0 218 435 -0.34 6305 -1.1 5997 0 0.8 2.23 2.3 10504 798 4 0.84 2.29 2.36 6794 892 -168 -0.31 199
0 342 305 -0.11 6100 -0.87 6191 0 0.81 2.29 2.67 9694 947 -189 0.85 1.97 2.36 5897 982 -363 -0.31 199
0 420 149 0.14 5760 -0.64 6224 0 0.82 1.97 2.67 8675 1001 -427 0.86 2.29 2.98 4973 1032 -497 -0.17 199
0 466 -3 0.26 5302 -0.55 6115 0 0.83 2.29 -3.12 7521 1242 272 0.87 1.97 2.84 4214 986 -552 0.05 197
1 -227 536 -0.08 3967 -2.52 7358 1 0.02 1.99 -0.28 1017 211 -3 0.0 1.78 -0.49 1872 -183 333 0.21 199
1 -326 561 -0.27 3207 -2.8 7912 1 0.03 1.68 -0.8 1079 64 -66 0.01 1.78 -0.7 1952 -265 279 0.31 13
1 -288 480 -0.56 2551 3.12 8422 1 0.03 1.36 -1.43 1125 43 -52 0.01 1.76 -1.03 1934 -205 82 0.31 10
1 -253 408 -0.85 1990 2.77 8880 1 0.04 1.05 -2.06 1070 -57 -191 0.02 2.08 -1.03 1795 -244 -85 0.31 17
1 -229 342 -1.13 1508 2.43 9292 1 0.05 0.73 -2.69 1048 -63 -167 0.03 1.94 -1.48 1515 -175 -196 0.31 32
1 -218 275 -1.43 1096 2.09 9662 1 0.06 0.42 2.97 949 -232 -226 0.04 1.64 -2.09 1123 -163 -306 0.31 27
1 -84 344 -1.6 650 1.75 10052 1 0.06 0.12 2.36 823 -158 -382 0.04 1.45 -2.6 971 -27 159 0.31 90
1 148 206 0.75 10524 1.22 8456 1 0.06 5.83 0.84 2066 -314 -162 0.05 2.39 -2.6 1182 -18 105 0.24 175
1 200 43 0.49 10351 0.97 8225 1 0.06 5.62 0.38 2439 -326 -165 0.05 2.44 -2.79 947 189 -153 0.09 169
1 338 -125 0.36 9474 0.89 7195 1 0.08 5.17 -0.14 2847 -206 122 0.05 2.08 3.05 1310 200 172 0.16 199
0 0 0 2.19 5294 -0.09 6460 0 0.0 1.98 2.0 999 0 0 0.0 1.79 1.8 2000 0 0 1.71 98
0 -9 76 -0.1 5203 -1.68 9290 1 0.01 1.99 0.3 1999 212 -430 0.0 1.78 0.09 997 15 -34 0.02 194
0 -216 569 -0.17 3260 -1.88 9737 1 0.04 1.05 -0.65 1921 -20 -30 0.02 2.08 0.38 840 -207 76 -0.31 68
0 -172 542 0.06 2642 -1.62 10073 1 0.05 0.73 -0.65 1883 -6 33 0.03 1.94 0.56 979 -118 4 -0.31 96
0 -106 533 0.27 2048 -1.37 10362 1 0.06 0.42 -0.65 1880 -120 32 0.04 1.64 0.58 1041 -51 -48 -0.31 121
0 -14 524 0.47 1461 -1.11 10578 1 0.06 0.12 -0.63 1886 -88 -202 0.04 1.45 0.7 1007 43 339 -0.31 147
0 -117 539 -0.58 11060 -0.13 9350 1 0.06 6.14 -0.26 2373 -481 18 0.05 2.08 1.95 1319 -328 434 -0.31 10
0 147 60 0.3 11337 0.73 9295 1 0.06 5.31 -0.16 3653 -395 25 0.05 2.62 -2.84 1665 130 183 -0.12 197
0 223 -87 0.42 11058 0.87 9025 1 0.07 5.29 -0.05 3978 -330 25 0.05 2.34 -3.0 1386 276 -54 0.26 189
1 464 -313 0.14 8271 0.77 6148 1 0.09 5.04 -0.47 2757 -9 167 0.05 2.01 2.78 2075 477 -180 0.03 199
1 569 -435 0.11 6670 0.93 4966 1 0.12 5.13 -0.42 2501 73 182 0.05 1.75 2.48 3441 608 -506 0.02 198
1 611 -482 0.1 5756 1.07 4430 1 0.13 5.22 -0.35 2312 108 191 0.05 1.43 2.15 4349 628 -660 0.0 198
1 676 -556 0.16 3755 1.56 3833 1 0.15 5.31 -0.24 1844 231 48 0.06 0.8 1.54 6387 565 -819 0.31 113
1 663 -511 -0.13 2775 1.5 3876 1 0.16 4.99 -0.87 1515 285 2 0.06 0.51 0.93 7348 474 -787 0.31 116
1 662 -444 -0.42 1838 1.42 4081 1 0.16 4.8 -1.38 1130 341 -8 0.07 0.19 0.3 8153 335 -712 0.31 28
1 275 -496 -0.64 1058 1.27 4437 1 0.17 4.49 -2.01 953 -367 -194 0.07 6.16 -0.33 8684 -171 -704 0.31 132
1 331 -364 1.05 4849 2.59 7282 1 0.18 4.22 -2.58 1097 -140 31 0.07 5.85 -0.96 8880 -202 -469 0.31 159
1 372 -207 0.82 5111 2.24 7730 1 0.18 3.91 3.07 1096 -28 128 0.08 5.53 -1.59 8860 -206 -182 0.31 140
1 549 92 1.05 4515 2.55 7681 1 0.17 3.6 2.98 1705 209 376 0.09 5.32 -1.57 7789 -40 252 0.31 161
1 548 188 0.88 4400 2.26 8333 1 0.17 3.44 2.51 1793 40 492 0.09 5.24 -1.97 7369 -37 471 0.31 168
1 512 300 0.73 4252 1.98 8957 1 0.16 3.16 1.92 2214 163 560 0.1 5.2 -2.32 6779 -65 690 0.31 114
0 141 59 0.45 10532 0.93 8481 1 0.09 4.89 -0.4 4390 -350 436 0.05 2.11 3.11 938 111 165 0.02 168
0 845 -604 0.09 7168 0.84 5632 1 0.15 5.31 -0.33 4952 400 0 0.06 0.8 1.45 2975 734 -867 0.02 199
0 862 -623 0.13 4686 1.27 4328 1 0.16 4.8 -0.84 3707 541 -187 0.07 0.19 0.84 5340 535 -891 0.31 138
0 843 -566 -0.16 3494 1.24 4073 1 0.17 4.49 -1.47 3125 201 -264 0.07 6.16 0.21 6302 397 -774 0.31 144
0 838 -482 -0.46 2356 1.2 4069 1 0.18 4.22 -2.04 2681 367 -87 0.07 5.85 -0.42 7046 305 -587 0.31 143
0 829 -373 -0.83 1290 1.14 4247 1 0.18 3.91 -2.67 2188 429 -38 0.08 5.53 -1.05 7546 251 -348 0.31 181
1 319 522 0.44 3780 1.46 9986 1 0.16 2.64 0.77 3387 358 600 0.12 5.2 -2.95 5246 -224 1089 0.31 111
1 216 520 0.29 3548 1.2 10364 1 0.16 2.39 0.21 3940 367 477 0.13 5.24 3.05 4541 -331 1148 0.31 135
1 91 510 0.14 3305 0.94 10624 1 0.16 2.09 -0.4 4352 305 327 0.15 5.24 2.74 4068 -459 1190 0.31 157
1 -49 475 -0.02 3020 0.67 10743 1 0.17 1.78 -1.03 4561 169 155 0.16 5.55 2.74 3966 -539 1073 0.31 114
1 -200 588 -0.11 2391 1.19 8966 1 0.17 1.73 -0.52 3064 11 148 0.17 5.86 -2.67 2191 -616 1096 0.31 138
1 -268 562 -0.37 1665 0.95 8887 0 0.18 1.83 -0.73 3103 -44 25 0.19 6.18 -2.67 2989 -621 993 0.31 160
1 -359 511 -0.68 930 0.72 8745 1 0.19 1.88 -0.99 3012 -118 -107 0.18 0.21 -2.67 3972 -662 876 0.31 176
1 -454 425 0.49 8515 -0.1 8878 1 0.2 2.15 -1.05 2796 -156 -242 0.18 0.52 -2.67 4922 -768 702 0.31 199
1 -544 299 0.25 8172 -0.38 8227 1 0.21 2.13 -1.38 2453 -201 -411 0.17 0.84 -2.67 5717 -924 408 0.31 199
1 -593 146 0.01 7721 -0.67 7528 1 0.22 2.09 -1.73 2046 -453 226 0.17 1.15 -2.67 6339 -985 84 0.31 198
1 -595 -19 -0.25 7178 -0.99 6827 1 0.22 1.78 -2.36 2362 -440 -117 0.17 1.47 -2.67 6779 -945 -240 0.1 196
1 -581 -168 -0.3 6550 -1.12 6144 1 0.23 1.52 -2.72 2636 -459 -421 0.18 1.78 -2.46 7068 -843 -522 -0.02 198
1 -562 -487 -0.17 4183 -1.44 4414 1 0.24 2.44 -1.78 4330 -431 -694 0.19 2.72 -1.5 7564 -400 -976 0.0 195
0 -164 604 0.15 3106 1.42 9019 1 0.17 1.78 -0.16 2896 54 284 0.16 5.55 -2.67 2079 -654 1202 0.31 176
0 -191 405 -0.19 2671 0.41 10703 1 0.17 1.73 -1.4 4524 20 -35 0.17 5.86 2.74 4152 -607 913 0.31 199
0 -324 293 -0.39 2240 0.14 10492 0 0.18 1.83 -1.61 4222 -100 -244 0.19 6.18 2.74 4462 -677 724 0.31 198
0 -740 179 -0.36 7294 -1.09 6960 1 0.23 1.52 -2.72 1982 -618 -74 0.18 1.78 -2.46 6613 -1002 -175 0.07 199
0 -695 -4 -0.35 6708 -1.16 6142 1 0.24 1.83 -2.48 2504 -589 -228 0.18 2.09 -2.22 7007 -832 -452 0.03 195
0 -608 -298 -0.29 5349 -1.34 4684 1 0.24 2.44 -1.94 3614 -477 -505 0.19 2.72 -1.66 7339 -446 -787 0.0 193
1 -555 -628 -0.08 2279 -1.87 4079 1 0.24 3.04 -1.17 5783 -228 -821 0.21 3.0 -1.2 7986 -141 -1067 -0.31 80
1 -521 -580 0.33 1376 -1.77 4245 1 0.25 3.35 -0.54 6351 -77 -709 0.22 3.0 -0.89 8237 -12 -975 -0.31 86
1 -509 -523 -1.64 4534 2.6 7838 1 0.25 3.67 0.09 6765 15 -548 0.22 3.32 -0.26 8456 91 -829 -0.31 103
1 -520 -455 -1.48 4876 2.98 8412 1 0.26 3.98 0.72 7024 39 -351 0.24 3.33 0.07 8630 156 -681 -0.31 54
1 -391 -542 -1.97 4589 2.38 8173 1 0.26 3.82 0.0 5932 215 -346 0.25 3.65 -0.17 7545 332 -651 -0.31 72
1 -390 -482 -1.78 5044 2.77 8606 1 0.27 4.14 0.63 5927 217 -173 0.26 3.96 0.45 7496 340 -451 -0.31 91
1 -408 -413 -1.56 5474 3.13 9095 1 0.28 4.45 1.26 5808 151 13 0.26 4.14 0.94 7382 304 -244 -0.31 165
1 -536 23 -0.71 5840 -1.96 11006 1 0.29 4.43 2.43 6342 -15 548 0.27 4.21 2.2 8164 152 314 -0.31 180
1 -474 170 -0.5 5828 -1.66 11555 1 0.3 4.75 3.05 5804 -38 786 0.28 4.26 2.57 7629 186 569 -0.31 199
1 -232 412 -0.05 5383 -1.1 12268 1 0.32 4.83 -2.51 4824 61 1050 0.3 4.17 3.11 6194 335 854 -0.31 199
1 73 499 0.22 4458 -0.8 12365 1 0.34 4.21 -2.74 4361 284 959 0.32 4.54 -2.41 4869 489 859 0.02 199
1 194 531 0.14 3838 -0.87 12239 1 0.33 3.89 -3.07 4416 373 922 0.32 4.22 -2.74 4382 547 837 0.0 199
1 296 559 0.08 3125 -0.92 12038 0 0.33 3.58 2.9 4680 448 891 0.34 4.05 -2.91 4113 631 863 -0.31 160
1 379 525 0.33 2380 -0.67 11776 0 0.32 3.26 2.9 5081 508 807 0.34 3.74 -2.91 4121 663 783 -0.31 179
0 -468 -674 -0.09 1886 -2.25 3781 1 0.25 3.67 -0.79 5537 56 -699 0.22 3.32 -1.13 7502 132 -980 -0.31 45
0 -418 -604 0.42 1069 -2.14 4149 1 0.26 3.98 -0.16 5808 141 -500 0.24 3.33 -0.8 7547 258 -830 -0.31 118
0 -540 -367 -1.31 5216 -2.93 9044 1 0.26 3.82 0.87 7118 66 -171 0.25 3.65 0.7 8721 183 -476 -0.31 133
0 -558 -256 -1.12 5512 -2.59 9710 1 0.27 4.14 1.5 7034 49 53 0.26 3.96 1.33 8695 172 -225 -0.31 151
0 -561 -123 -0.92 5729 -2.26 10377 1 0.28 4.45 2.13 6775 -2 303 0.26 4.14 1.82 8518 151 46 -0.31 109
0 -437 -326 -1.34 5851 -2.8 9633 1 0.29 4.43 1.55 5561 84 199 0.27 4.21 1.33 7180 251 -35 -0.31 131
0 -464 -216 -1.11 6146 -2.46 10201 1 0.3 4.75 2.18 5214 -28 400 0.28 4.26 1.69 6864 196 183 -0.31 149
0 -474 -84 -0.89 6334 -2.15 10766 1 0.31 4.8 2.55 4895 -106 469 0.29 4.19 1.94 6409 172 402 -0.31 167
0 -453 62 -0.66 6394 -1.84 11290 1 0.32 4.83 2.9 4512 -160 700 0.3 4.17 2.23 5949 114 504 -0.31 191
0 116 536 0.16 4585 -0.9 12163 0 0.32 3.26 2.48 4084 245 818 0.34 3.74 2.95 3671 400 794 0.02 198
1 645 43 0.33 9753 0.85 7952 0 0.32 2.13 2.97 6167 983 -53 0.33 2.48 -2.97 5154 928 70 0.03 198
1 686 -192 0.22 8219 0.85 6376 0 0.33 1.8 2.58 6292 1065 -423 0.34 1.85 2.64 5419 955 -597 0.03 198
1 706 -280 0.16 7343 0.89 5583 0 0.33 1.48 2.23 6562 1013 -645 0.34 1.54 2.29 5577 928 -794 0.0 199
1 724 -353 0.14 6405 1.0 4825 0 0.33 1.27 2.02 6924 934 -825 0.35 1.22 1.97 5932 854 -949 0.0 199
1 759 -519 0.12 3292 1.73 3489 0 0.35 0.56 1.34 8622 586 -1111 0.37 0.37 1.15 7917 492 -1131 0.31 92
1 714 -476 -0.23 2286 1.7 3599 0 0.36 0.35 0.82 9254 422 -1032 0.38 0.05 0.52 8611 318 -1005 0.31 95
1 686 -416 -0.64 1359 1.63 3906 0 0.37 0.12 0.28 9807 270 -909 0.39 6.02 -0.1 9185 186 -821 0.31 99
1 666 -340 1.51 4306 3.03 7695 0 0.38 6.11 -0.33 10237 146 -728 0.4 5.92 -0.52 9605 83 -622 0.31 116
1 654 -243 1.35 4721 2.68 8458 0 0.4 6.04 -0.72 10689 187 -566 0.4 5.65 -1.1 9852 22 -381 0.31 130
1 634 -127 1.17 5098 2.35 9204 0 0.4 6.04 -1.03 10940 73 -359 0.41 5.38 -1.69 9912 -8 -111 0.31 145
0 215 578 0.1 3889 -0.97 12006 0 0.32 2.97 2.16 4251 471 791 0.33 3.42 2.62 3544 456 797 0.0 198
0 300 614 0.04 3108 -1.04 11805 0 0.32 2.65 1.85 4635 528 789 0.33 3.11 2.3 3706 504 800 -0.31 151
0 368 583 0.3 2311 -0.79 11568 0 0.32 2.39 1.9 5016 661 639 0.33 2.79 2.3 4084 544 739 -0.31 170
0 455 521 0.57 1499 -0.54 11263 0 0.32 2.13 1.95 5316 793 425 0.33 2.48 2.3 4418 738 548 -0.31 199
0 704 -417 0.14 5636 1.16 3975 0 0.36 0.35 1.19 6549 412 -973 0.38 0.05 0.89 5572 308 -946 0.0 198
0 711 -481 0.12 4632 1.39 3455 0 0.37 0.12 0.96 6906 295 -974 0.39 6.02 0.58 6050 211 -886 -0.02 199
0 714 -588 0.13 2495 2.08 3389 0 0.4 6.04 0.65 7909 247 -911 0.4 5.65 0.26 7043 82 -726 0.31 60
0 650 -527 -0.23 1514 2.02 3802 0 0.4 6.04 0.33 8362 89 -759 0.41 5.38 -0.33 7381 8 -511 0.31 64
1 595 3 0.98 5396 2.03 9904 0 0.41 5.85 -1.54 10965 -36 -122 0.42 5.48 -1.9 9757 -68 138 0.31 76
1 578 -388 1.71 4856 3.07 8195 0 0.42 5.55 -0.79 8816 -85 -382 0.43 5.36 -0.98 7575 -88 -139 0.31 97
1 -51 448 -0.12 4979 0.63 11584 0 0.45 5.36 2.69 7603 -722 883 0.47 5.34 2.67 6065 -704 1021 0.19 199
1 -206 427 -0.24 4507 0.49 11438 0 0.46 5.46 2.6 6428 -891 921 0.48 5.65 2.79 5093 -829 964 -0.03 199
1 -337 414 -0.15 3926 0.57 11166 0 0.48 5.38 2.55 5274 -1024 967 0.49 5.43 2.6 4335 -885 891 -0.02 199
1 -549 347 -0.34 2493 0.39 10325 0 0.49 5.85 2.72 3868 -1055 751 0.52 5.74 2.62 3855 -963 702 0.31 199
1 -673 109 -1.14 924 -0.13 9097 1 0.52 0.19 2.72 3889 -1061 403 0.51 0.09 2.62 4502 -971 364 0.14 198
1 -695 -24 -0.23 8364 -0.83 8860 1 0.51 0.51 2.9 4261 -1024 225 0.51 0.4 2.79 4965 -968 184 0.03 199
1 -710 -140 -0.23 7560 -0.89 8043 1 0.51 0.82 -3.11 4645 -1018 -136 0.5 0.72 3.07 5503 -1019 129 -0.02 198
1 -724 -237 -0.18 6691 -0.93 7234 1 0.51 1.13 -2.78 5021 -1057 -387 0.5 1.03 -2.88 6096 -1074 -155 0.0 198
0 605 -461 -0.76 645 1.88 4319 0 0.41 5.85 -0.17 8663 -26 -586 0.42 5.48 -0.54 7554 -58 -326 0.31 159
0 526 138 0.77 5589 1.73 10524 0 0.42 5.55 -2.15 10746 -137 144 0.43 5.36 -2.34 9384 -140 387 0.31 178
0 423 264 0.56 5654 1.45 11028 0 0.42 5.34 -2.67 10290 -239 407 0.44 5.22 -2.79 8808 -225 624 0.31 115
0 560 -192 1.29 5798 2.39 9549 0 0.43 5.39 -1.57 8681 -109 62 0.45 5.27 -1.69 7193 -81 257 0.31 135
0 538 -66 1.06 6139 2.07 10187 0 0.44 5.34 -1.94 8365 -130 287 0.46 5.38 -1.9 6772 -112 448 0.31 154
0 491 71 0.83 6359 1.77 10757 0 0.45 5.36 -2.23 7870 -180 506 0.47 5.34 -2.25 6200 -162 644 0.31 171
0 -27 445 -0.12 5740 0.66 11717 0 0.49 5.85 -3.0 4819 -533 849 0.52 5.74 -3.11 3917 -441 800 0.17 199
0 -496 474 -0.02 3155 0.79 10510 1 0.51 0.82 -1.83 3471 -804 478 0.5 0.72 -1.94 3978 -805 743 0.31 170
0 -564 428 -0.28 2333 0.54 10047 1 0.51 1.13 -1.83 3531 -897 278 0.5 1.03 -1.94 4493 -914 510 0.31 199
1 -754 -511 -0.14 2683 -1.55 4778 1 0.53 2.27 -1.71 7793 -753 -1076 0.51 2.29 -1.69 8568 -780 -952 -0.31 109
1 -721 -480 0.24 1672 -1.45 4607 1 0.53 2.58 -1.08 8627 -576 -1050 0.51 2.6 -1.06 9182 -598 -942 -0.31 117
1 -710 -428 0.84 750 -1.35 4609 1 0.54 2.9 -0.45 9390 -422 -953 0.52 2.62 -0.73 9765 -459 -905 -0.31 125
1 -709 -352 -1.23 4726 -3.09 8322 1 0.55 3.21 0.17 10030 -295 -786 0.53 2.58 -0.45 10317 -352 -847 -0.31 142
1 -712 -249 -1.1 4896 -2.74 9149 1 0.56 3.53 0.8 10510 -203 -554 0.54 2.78 0.05 10806 -260 -726 -0.31 152
1 -701 -124 -0.95 5065 -2.41 9973 1 0.57 3.84 1.43 10795 -139 -273 0.55 2.79 0.38 11221 -199 -572 -0.31 162
1 -665 15 -0.78 5192 -2.1 10755 1 0.57 4.15 2.06 10881 -98 32 0.56 3.11 1.01 11438 -69 -371 -0.31 173
1 -595 158 -0.61 5244 -1.8 11458 1 0.58 3.89 2.11 10727 11 288 0.57 3.42 1.64 11498 -1 -144 -0.31 117
1 -650 -391 -1.33 4563 3.04 8263 1 0.59 3.96 0.8 6892 -19 -157 0.58 3.74 0.58 7786 -5 -552 -0.31 132
1 -3 489 0.2 4312 -0.7 12839 1 0.62 3.98 -2.83 7936 674 957 0.6 4.17 -2.64 9088 634 753 -0.12 199
1 153 482 0.24 3813 -0.62 12772 1 0.63 3.86 -2.83 6919 850 986 0.61 4.22 -2.46 8035 774 856 0.0 199
0 -699 -534 -0.15 2784 -1.64 4479 1 0.57 3.84 -0.26 6192 -137 -683 0.55 2.79 -1.31 6746 -197 -982 -0.31 101
0 -662 -505 0.25 1821 -1.55 4351 1 0.57 4.15 0.37 6544 -95 -488 0.56 3.11 -0.68 7089 -66 -891 -0.31 106
0 -344 412 -0.23 5002 -1.24 12480 1 0.6 3.94 2.79 9700 309 733 0.59 4.05 2.9 10762 308 410 -0.31 145
0 -661 -183 -1.04 4991 -2.54 9794 1 0.61 4.01 1.48 6750 2 220 0.59 4.12 1.59 8014 -13 -44 -0.31 157
0 -642 -48 -0.87 5160 -2.22 10550 1 0.62 3.98 1.76 6480 35 420 0.6 4.17 1.95 7888 -5 216 -0.31 168
0 -592 95 -0.69 5250 -1.92 11247 1 0.63 3.86 1.95 6083 105 599 0.61 4.22 2.32 7594 29 469 -0.31 171
1 401 465 0.12 2532 -0.69 12287 1 0.65 3.51 -3.14 5322 961 853 0.63 3.93 -2.72 5888 1043 977 -0.31 178
1 491 403 0.35 1805 -0.43 11904 1 0.66 3.19 3.14 4917 967 732 0.64 3.8 -2.53 5107 1036 838 -0.31 199
1 678 -109 0.25 9384 0.8 7510 1 0.67 2.01 2.79 4696 1238 -207 0.67 3.26 -2.23 4263 961 117 0.03 199
1 700 -209 0.19 8552 0.8 6693 1 0.67 1.8 2.55 5125 1212 -458 0.67 2.95 -2.58 4450 943 -18 0.02 199
1 754 -419 0.12 5684 1.1 4377 1 0.68 1.08 1.82 7379 938 -980 0.67 2.08 2.81 6100 1197 -606 0.0 199
1 766 -470 0.1 4628 1.33 3830 1 0.69 0.77 1.5 8313 800 -1065 0.67 1.76 2.5 7053 1175 -795 -0.02 199
1 774 -515 0.11 3534 1.63 3560 1 0.69 0.51 1.26 9299 694 -1081 0.68 1.47 2.22 8137 1104 -949 0.31 103
1 737 -475 -0.24 2505 1.61 3588 1 0.7 0.21 0.65 10198 534 -985 0.68 1.2 1.64 9240 957 -1002 0.31 103
1 714 -414 -0.64 1550 1.55 3833 1 0.7 6.2 0.03 10937 373 -831 0.69 0.89 1.01 10308 813 -971 0.31 106
1 696 -334 -1.34 741 1.44 4195 1 0.71 5.88 -0.59 11494 250 -622 0.7 0.63 0.44 11259 643 -907 0.31 117
1 678 -236 1.3 4589 2.66 8348 1 0.71 5.59 -1.2 11861 170 -370 0.7 0.31 -0.19 12040 474 -775 0.31 136
0 107 487 0.25 3962 -0.64 12753 1 0.67 2.57 2.13 4127 713 599 0.66 3.84 -2.88 5102 500 800 -0.02 199
0 245 483 0.19 3389 -0.67 12599 0 0.67 2.29 1.87 3652 861 463 0.67 3.58 -3.12 4814 579 749 -0.03 199
0 365 475 0.14 2726 -0.69 12339 1 0.67 2.01 1.62 3383 925 377 0.67 3.26 2.88 4677 648 701 -0.31 177
0 461 415 0.38 2017 -0.43 11985 1 0.67 1.8 1.73 3257 973 166 0.67 2.95 2.88 4678 704 606 -0.31 199
0 720 -274 0.16 7815 0.84 6116 1 0.7 0.21 0.93 5084 517 -784 0.68 1.2 1.92 5032 940 -801 0.02 199
0 741 -342 0.12 6862 0.91 5321 1 0.7 6.2 0.61 5698 400 -759 0.69 0.89 1.59 5649 840 -899 0.0 199
1 655 -116 1.13 4952 2.32 9118 1 0.72 5.65 -1.45 12020 87 -129 0.71 0.0 -0.82 12602 312 -574 0.31 151
1 611 16 0.94 5243 2.01 9837 1 0.73 5.45 -1.97 11967 15 131 0.72 6.21 -1.2 12916 150 -361 0.31 172
1 536 151 0.75 5432 1.71 10471 1 0.74 5.41 -2.32 11695 -80 378 0.72 5.95 -1.78 12947 -16 -112 0.31 172
1 427 276 0.54 5496 1.43 10985 1 0.75 5.5 -2.55 11194 -216 589 0.73 5.65 -2.39 12685 -179 154 -0.31 134
1 722 -280 1.89 4538 -3.01 8260 1 0.76 5.57 -0.61 7978 47 97 0.74 5.45 -0.73 9713 94 -258 0.31 80
1 680 -223 1.72 5018 2.93 9059 1 0.77 5.65 -0.84 7834 -30 198 0.75 5.62 -0.87 9785 12 -101 0.31 199
1 -56 447 -0.13 4831 0.61 11554 1 0.78 5.74 3.04 8398 -804 893 0.75 5.32 2.62 10258 -720 690 0.19 199
1 -212 422 -0.25 4363 0.47 11408 1 0.79 5.67 2.78 7169 -986 899 0.76 5.32 2.43 9051 -873 768 -0.03 199
1 -343 405 -0.16 3787 0.55 11135 1 0.8 5.59 2.72 5933 -1131 918 0.77 5.41 2.55 7726 -1013 829 -0.02 199
1 -555 330 -0.34 2365 0.37 10287 1 0.82 4.96 1.8 4292 -1127 704 0.8 5.48 2.32 5035 -1255 863 0.31 199
1 -693 -42 -0.24 8313 -0.84 8764 1 0.85 5.67 1.76 4207 -1044 186 0.83 0.14 2.51 3174 -1205 328 0.02 197
0 785 -495 0.12 3713 1.57 3674 1 0.72 5.65 0.1 7334 217 -508 0.71 0.0 0.73 7926 442 -953 0.31 110
0 752 -458 -0.22 2680 1.54 3624 1 0.73 5.45 -0.42 7691 156 -343 0.72 6.21 0.35 8587 291 -835 0.31 110
0 733 -398 -0.62 1714 1.48 3798 1 0.74 5.41 -0.77 7910 117 -171 0.72 5.95 -0.23 9108 181 -661 0.31 112
0 716 -317 -1.25 880 1.39 4104 1 0.75 5.5 -0.99 7987 73 -4 0.73 5.65 -0.84 9466 110 -439 0.31 198
0 281 383 0.33 5411 1.15 11347 1 0.76 5.57 -2.79 10461 -394 760 0.74 5.45 -2.91 12134 -347 405 0.31 199
0 114 441 0.11 5185 0.88 11539 1 0.77 5.65 -3.02 9518 -596 862 0.75 5.62 -3.05 11302 -554 563 0.31 95
0 648 -148 1.53 5489 2.59 9824 1 0.78 5.74 -1.06 7568 -100 298 0.75 5.32 -1.48 9711 -16 95 0.31 113
0 615 -53 1.32 5911 2.28 10550 1 0.79 5.67 -1.45 7189 -159 424 0.76 5.32 -1.8 9493 -46 293 0.31 130
0 567 58 1.1 6250 1.97 11216 1 0.8 5.59 -1.85 6701 -221 571 0.77 5.41 -2.02 9122 -103 482 0.31 133
0 494 177 0.87 6480 1.67 11795 1 0.81 5.27 -2.48 6295 -179 618 0.79 5.46 -2.29 8598 -190 662 0.31 173
0 -88 446 -0.07 5943 0.56 12660 1 0.85 5.67 2.95 5040 -439 674 0.83 0.14 -2.58 5774 -600 816 0.26 199
0 -371 381 -0.18 4891 0.44 12122 0 0.84 0.02 -2.91 4584 -624 545 0.85 0.4 -2.53 4684 -751 646 -0.03 199